0 0.290
0 0.290
0 0.290
0 0.290
0 0.290
0 0.290
0 0.291
0 0.291
0 0.291
0 0.291
0 0.291
0 0.291
0 0.291
0 0.291
0 0.291
0 0.291
0 0.291
0 0.291
0 0.291
0 0.292
0 0.292
0 0.292
0 0.292
0 0.292
0 0.292
0 0.293
0 0.294
0 0.300
0 0.329
0 0.364
1 1032.331
1 1033.355
1 1036.601
1 1036.961
1 1038.809
1 1040.117
1 1041.646
1 1042.128
1 1042.143
1 1042.369
1 1042.369
1 1042.389
1 1042.699
1 1042.784
1 1043.452
1 1043.789
1 1044.819
1 1044.950
1 1044.962
1 1045.555
1 1045.794
1 1045.894
1 1046.910
1 1048.401
1 1048.603
1 1048.855
1 1049.349
1 1049.888
1 1049.892
1 1051.011
2 2036.955
2 2042.076
2 2046.512
2 2046.578
2 2046.596
2 2046.783
2 2047.186
2 2047.490
2 2047.876
2 2048.405
2 2048.890
2 2049.204
2 2049.254
2 2049.304
2 2049.408
2 2049.559
2 2049.748
2 2050.348
2 2050.477
2 2050.835
2 2051.877
2 2054.812
2 2055.349
2 2055.685
2 2055.828
2 2056.172
2 2057.563
2 2057.804
2 2060.965
2 2063.191
3 3042.232
3 3042.500
3 3042.942
3 3044.319
3 3047.254
3 3048.890
3 3049.672
3 3050.963
3 3051.509
3 3051.646
3 3053.731
3 3053.976
3 3055.873
3 3055.967
3 3059.422
3 3063.402
3 3063.855
3 3066.772
3 3069.480
3 3070.016
3 3070.517
3 3070.783
3 3072.218
3 3075.509
3 3076.224
3 3079.366
3 3081.490
3 3084.494
3 3086.232
3 3100.388
4 4048.691
4 4048.949
4 4049.314
4 4049.403
4 4053.404
4 4054.486
4 4054.934
4 4054.965
4 4057.457
4 4059.820
4 4062.749
4 4062.892
4 4064.688
4 4066.908
4 4068.985
4 4071.154
4 4077.079
4 4077.367
4 4079.431
4 4083.164
4 4083.570
4 4083.732
4 4084.209
4 4086.586
4 4089.679
4 4090.491
4 4096.924
4 4097.426
4 4105.842
4 4111.019
5 5051.938
5 5054.937
5 5063.277
5 5063.619
5 5064.400
5 5064.559
5 5065.849
5 5065.863
5 5066.043
5 5067.975
5 5070.533
5 5070.583
5 5075.633
5 5076.882
5 5078.537
5 5080.247
5 5080.513
5 5088.647
5 5089.309
5 5092.339
5 5094.632
5 5095.200
5 5100.144
5 5114.280
5 5116.089
5 5118.860
5 5118.966
5 5119.035
5 5137.138
5 5137.369
6 6062.310
6 6064.323
6 6064.703
6 6065.239
6 6067.124
6 6067.648
6 6067.891
6 6069.201
6 6069.597
6 6070.259
6 6070.417
6 6071.407
6 6071.420
6 6072.803
6 6073.334
6 6076.201
6 6084.834
6 6100.958
6 6102.513
6 6104.692
6 6105.871
6 6106.122
6 6106.845
6 6108.492
6 6110.529
6 6118.566
6 6121.999
6 6126.573
6 6128.074
6 6131.008
7 7044.051
7 7047.079
7 7047.492
7 7048.100
7 7049.258
7 7050.691
7 7051.355
7 7051.807
7 7055.893
7 7056.735
7 7060.184
7 7061.819
7 7063.880
7 7064.592
7 7070.378
7 7079.684
7 7083.063
7 7083.744
7 7086.820
7 7088.907
7 7089.583
7 7096.081
7 7097.771
7 7098.996
7 7107.654
7 7111.285
7 7113.446
7 7129.864
7 7140.480
7 7144.258
8 8054.622
8 8056.181
8 8056.477
8 8056.997
8 8057.101
8 8062.214
8 8062.437
8 8062.684
8 8069.333
8 8071.489
8 8073.403
8 8077.307
8 8077.491
8 8082.386
8 8084.917
8 8093.426
8 8095.726
8 8104.869
8 8106.342
8 8108.082
8 8108.318
8 8111.069
8 8113.589
8 8113.937
8 8115.278
8 8116.970
8 8129.580
8 8132.101
8 8133.869
8 8146.828
9 9061.140
9 9066.269
9 9069.405
9 9078.224
9 9079.757
9 9083.294
9 9087.889
9 9088.798
9 9091.604
9 9092.633
9 9093.010
9 9093.085
9 9094.661
9 9098.838
9 9103.125
9 9105.570
9 9106.446
9 9106.672
9 9107.268
9 9112.784
9 9113.107
9 9123.962
9 9125.301
9 9127.636
9 9132.392
9 9133.215
9 9133.845
9 9134.926
9 9148.338
9 9172.239
10 10078.945
10 10081.434
10 10085.948
10 10087.429
10 10089.072
10 10089.473
10 10090.619
10 10090.742
10 10099.072
10 10100.582
10 10106.299
10 10106.486
10 10114.070
10 10117.093
10 10119.305
10 10119.403
10 10119.437
10 10123.170
10 10128.017
10 10128.091
10 10128.136
10 10131.071
10 10133.222
10 10141.785
10 10143.419
10 10155.275
10 10173.231
10 10174.245
10 10179.680
10 10182.574
11 11094.756
11 11105.946
11 11114.513
11 11135.721
11 11139.671
11 11149.218
11 11149.710
11 11151.754
11 11153.169
11 11158.973
11 11160.582
11 11164.680
11 11170.216
11 11170.867
11 11177.581
11 11180.504
11 11185.243
11 11187.878
11 11189.497
11 11194.678
11 11200.916
11 11201.849
11 11205.418
11 11207.258
11 11208.064
11 11209.316
11 11227.574
11 11233.884
11 11240.356
11 11249.523
12 12065.190
12 12078.857
12 12080.749
12 12088.553
12 12090.670
12 12091.250
12 12092.915
12 12096.533
12 12098.142
12 12099.676
12 12102.311
12 12102.503
12 12103.032
12 12106.440
12 12107.388
12 12107.850
12 12108.361
12 12110.937
12 12114.521
12 12117.213
12 12121.927
12 12127.618
12 12129.249
12 12131.465
12 12138.522
12 12138.530
12 12139.302
12 12140.222
12 12141.606
12 12172.276
13 13048.399
13 13072.127
13 13074.797
13 13075.939
13 13079.153
13 13079.937
13 13081.233
13 13089.989
13 13091.119
13 13092.209
13 13093.078
13 13107.737
13 13108.656
13 13111.428
13 13114.781
13 13122.247
13 13123.010
13 13126.430
13 13126.728
13 13127.206
13 13128.785
13 13138.866
13 13140.292
13 13141.119
13 13151.170
13 13154.923
13 13157.847
13 13160.943
13 13167.937
13 13189.844
14 14091.408
14 14091.721
14 14097.078
14 14100.260
14 14101.461
14 14102.845
14 14104.158
14 14108.034
14 14108.329
14 14110.846
14 14120.700
14 14121.090
14 14123.676
14 14126.893
14 14130.020
14 14134.870
14 14136.667
14 14136.966
14 14139.384
14 14140.881
14 14142.466
14 14144.087
14 14145.232
14 14150.044
14 14151.024
14 14152.236
14 14165.213
14 14171.293
14 14175.674
14 14177.879
15 15044.744
15 15049.214
15 15056.401
15 15064.087
15 15064.137
15 15065.321
15 15066.435
15 15068.402
15 15074.618
15 15079.425
15 15081.799
15 15085.218
15 15087.051
15 15088.551
15 15088.686
15 15088.952
15 15094.511
15 15096.450
15 15098.276
15 15098.872
15 15117.552
15 15118.686
15 15119.998
15 15132.352
15 15137.876
15 15142.569
15 15164.660
15 15200.648
15 15220.222
15 15228.075
16 16048.264
16 16057.826
16 16061.588
16 16068.372
16 16069.225
16 16073.092
16 16073.970
16 16083.732
16 16084.504
16 16084.899
16 16086.753
16 16089.083
16 16095.306
16 16097.869
16 16100.317
16 16101.186
16 16102.287
16 16107.631
16 16118.986
16 16123.449
16 16139.119
16 16148.623
16 16164.858
16 16177.582
16 16177.614
16 16187.288
16 16192.033
16 16199.645
16 16205.248
16 16208.572
17 17061.824
17 17065.594
17 17066.129
17 17073.530
17 17077.744
17 17079.259
17 17079.927
17 17082.852
17 17087.537
17 17088.249
17 17091.337
17 17092.063
17 17092.345
17 17095.152
17 17102.931
17 17108.482
17 17110.219
17 17110.691
17 17114.412
17 17138.207
17 17140.660
17 17141.899
17 17167.669
17 17170.412
17 17176.035
17 17182.731
17 17185.720
17 17194.281
17 17218.831
17 17233.108
18 18077.694
18 18079.657
18 18084.809
18 18085.031
18 18089.960
18 18092.922
18 18095.156
18 18102.008
18 18104.630
18 18104.726
18 18118.838
18 18119.235
18 18119.924
18 18121.377
18 18128.936
18 18131.319
18 18146.174
18 18146.396
18 18147.867
18 18152.069
18 18152.867
18 18156.758
18 18158.093
18 18158.957
18 18176.071
18 18186.803
18 18186.958
18 18196.500
18 18198.844
18 18216.248
19 19050.969
19 19056.675
19 19056.982
19 19064.635
19 19068.346
19 19072.610
19 19079.764
19 19081.946
19 19086.720
19 19087.781
19 19088.835
19 19092.941
19 19093.203
19 19096.856
19 19098.260
19 19106.733
19 19106.755
19 19108.534
19 19108.678
19 19108.823
19 19117.069
19 19131.988
19 19132.221
19 19134.935
19 19138.059
19 19142.138
19 19143.925
19 19149.710
19 19151.918
19 19156.901
20 20055.461
20 20055.512
20 20057.403
20 20066.255
20 20066.592
20 20068.168
20 20072.293
20 20077.059
20 20080.472
20 20090.184
20 20092.553
20 20096.020
20 20105.836
20 20107.981
20 20108.053
20 20114.503
20 20116.113
20 20118.795
20 20119.629
20 20122.875
20 20133.208
20 20133.592
20 20134.954
20 20136.340
20 20139.172
20 20141.547
20 20145.491
20 20147.850
20 20150.311
20 20150.893
21 21067.137
21 21069.409
21 21070.579
21 21074.610
21 21079.684
21 21080.896
21 21091.962
21 21094.598
21 21096.621
21 21100.565
21 21101.428
21 21104.021
21 21104.574
21 21107.891
21 21110.537
21 21111.435
21 21123.085
21 21123.887
21 21125.912
21 21135.201
21 21135.371
21 21136.997
21 21141.067
21 21141.363
21 21141.967
21 21148.152
21 21149.035
21 21163.957
21 21168.462
21 21176.027
22 22062.801
22 22066.399
22 22066.927
22 22067.198
22 22068.428
22 22069.845
22 22069.988
22 22073.798
22 22076.420
22 22080.144
22 22082.170
22 22083.387
22 22088.131
22 22091.963
22 22096.879
22 22106.201
22 22114.852
22 22120.622
22 22126.538
22 22132.615
22 22132.754
22 22149.546
22 22150.253
22 22153.331
22 22157.636
22 22160.976
22 22168.529
22 22168.703
22 22198.668
22 22210.351
23 23083.553
23 23086.937
23 23087.829
23 23092.383
23 23093.630
23 23095.149
23 23098.062
23 23099.685
23 23100.789
23 23106.085
23 23108.938
23 23112.173
23 23113.629
23 23118.421
23 23118.479
23 23122.714
23 23133.482
23 23139.918
23 23144.443
23 23152.010
23 23152.827
23 23156.082
23 23158.087
23 23160.213
23 23181.226
23 23189.093
23 23210.267
23 23221.991
23 23246.791
23 23333.857
24 24049.552
24 24051.403
24 24052.315
24 24054.678
24 24058.430
24 24066.205
24 24071.142
24 24079.979
24 24080.086
24 24085.936
24 24099.724
24 24099.878
24 24102.594
24 24108.962
24 24112.145
24 24119.399
24 24121.305
24 24126.505
24 24127.371
24 24133.550
24 24161.298
24 24170.368
24 24176.705
24 24177.376
24 24185.623
24 24190.699
24 24195.669
24 24196.740
24 24200.488
24 24203.699
25 25063.391
25 25065.689
25 25066.334
25 25066.493
25 25075.720
25 25076.735
25 25078.714
25 25079.756
25 25086.352
25 25088.057
25 25100.861
25 25101.007
25 25101.574
25 25104.185
25 25104.666
25 25106.957
25 25107.054
25 25107.274
25 25110.119
25 25115.521
25 25116.159
25 25117.315
25 25118.105
25 25119.357
25 25121.392
25 25129.897
25 25133.177
25 25135.647
25 25139.343
25 25176.192
26 26077.508
26 26080.134
26 26081.063
26 26083.873
26 26085.323
26 26088.516
26 26093.924
26 26097.313
26 26099.292
26 26102.073
26 26108.352
26 26121.565
26 26130.222
26 26130.714
26 26136.609
26 26136.859
26 26137.103
26 26140.202
26 26143.507
26 26146.284
26 26153.541
26 26156.752
26 26159.272
26 26162.535
26 26165.896
26 26169.150
26 26183.472
26 26196.523
26 26206.106
26 26213.165
27 27054.198
27 27055.199
27 27058.471
27 27081.003
27 27082.545
27 27088.669
27 27089.762
27 27091.667
27 27096.663
27 27104.603
27 27110.061
27 27117.246
27 27117.353
27 27118.122
27 27118.382
27 27120.965
27 27121.293
27 27121.590
27 27121.768
27 27126.008
27 27130.239
27 27130.407
27 27132.544
27 27135.203
27 27137.011
27 27137.346
27 27139.507
27 27152.006
27 27168.999
27 27177.638
28 28051.247
28 28052.855
28 28062.428
28 28063.704
28 28069.251
28 28071.366
28 28071.507
28 28071.892
28 28079.245
28 28082.900
28 28088.524
28 28093.825
28 28096.881
28 28098.935
28 28103.465
28 28108.346
28 28109.692
28 28111.596
28 28117.774
28 28126.027
28 28126.136
28 28128.904
28 28131.865
28 28145.456
28 28145.728
28 28148.833
28 28155.920
28 28209.760
28 28273.961
28 28302.956
29 29067.281
29 29072.874
29 29077.672
29 29079.865
29 29080.879
29 29085.513
29 29087.778
29 29094.315
29 29094.909
29 29097.850
29 29099.955
29 29102.402
29 29107.628
29 29108.085
29 29118.599
29 29122.156
29 29124.743
29 29130.332
29 29130.578
29 29137.691
29 29141.927
29 29152.465
29 29157.820
29 29161.337
29 29161.340
29 29176.254
29 29178.323
29 29179.955
29 29200.456
29 29209.195
30 30078.969
30 30081.791
30 30084.193
30 30089.255
30 30089.787
30 30090.384
30 30091.523
30 30098.647
30 30101.119
30 30102.244
30 30102.632
30 30109.358
30 30110.463
30 30116.209
30 30119.725
30 30122.487
30 30128.062
30 30137.719
30 30139.778
30 30142.790
30 30145.883
30 30152.334
30 30159.425
30 30167.448
30 30170.402
30 30173.876
30 30174.258
30 30182.546
30 30203.182
30 30310.916
