0 0.307
0 0.332
0 0.334
0 0.340
0 0.342
0 0.355
0 0.356
0 0.357
0 0.358
0 0.371
0 0.373
0 0.375
0 0.379
0 0.384
0 0.389
0 0.390
0 0.391
0 0.393
0 0.400
0 0.401
0 0.434
0 0.435
0 0.458
0 0.470
0 0.479
0 0.485
0 0.497
0 0.515
0 0.518
0 0.562
1 1044.080
1 1044.266
1 1044.739
1 1044.943
1 1044.950
1 1045.073
1 1045.403
1 1046.972
1 1047.272
1 1047.280
1 1047.930
1 1048.247
1 1049.229
1 1050.435
1 1051.497
1 1051.699
1 1052.493
1 1052.680
1 1053.461
1 1056.329
1 1056.433
1 1056.837
1 1057.354
1 1057.985
1 1060.672
1 1060.807
1 1063.840
1 1064.142
1 1064.234
1 1066.881
2 2061.846
2 2065.447
2 2067.231
2 2067.968
2 2068.117
2 2069.345
2 2070.972
2 2071.420
2 2072.972
2 2073.411
2 2073.469
2 2073.794
2 2074.461
2 2075.463
2 2075.611
2 2077.855
2 2078.130
2 2079.225
2 2088.082
2 2089.752
2 2090.641
2 2090.645
2 2090.973
2 2095.530
2 2097.277
2 2097.904
2 2099.889
2 2100.618
2 2102.277
2 2102.602
3 3082.163
3 3085.621
3 3085.672
3 3087.459
3 3087.772
3 3088.535
3 3089.352
3 3090.117
3 3090.976
3 3091.726
3 3093.228
3 3094.850
3 3097.417
3 3098.040
3 3099.496
3 3102.570
3 3103.281
3 3105.182
3 3106.066
3 3106.588
3 3109.140
3 3109.195
3 3110.431
3 3111.552
3 3112.767
3 3117.232
3 3117.533
3 3119.061
3 3120.346
3 3130.048
4 4083.940
4 4084.620
4 4085.213
4 4089.842
4 4094.207
4 4094.993
4 4097.532
4 4099.917
4 4100.020
4 4100.361
4 4101.485
4 4105.084
4 4106.230
4 4111.085
4 4115.508
4 4116.939
4 4121.573
4 4121.796
4 4124.456
4 4131.520
4 4132.199
4 4137.386
4 4139.651
4 4173.598
4 4386.759
4 4405.067
4 4493.984
4 4554.072
4 4577.734
4 5037.672
5 5099.006
5 5101.033
5 5101.907
5 5103.287
5 5108.348
5 5109.373
5 5109.862
5 5111.334
5 5111.763
5 5116.997
5 5117.054
5 5119.826
5 5121.410
5 5122.306
5 5124.603
5 5128.554
5 5129.253
5 5132.200
5 5135.151
5 5136.528
5 5137.761
5 5138.622
5 5140.250
5 5146.471
5 5148.367
5 5149.425
5 5151.455
5 5213.606
5 5492.905
5 5549.664
6 6095.695
6 6097.654
6 6101.685
6 6111.159
6 6115.466
6 6117.577
6 6118.703
6 6132.888
6 6133.754
6 6136.531
6 6139.799
6 6141.851
6 6156.150
6 6158.351
6 6203.733
6 6251.458
6 6321.334
6 6325.837
6 6358.999
6 6421.638
6 6437.118
6 6503.698
6 6549.812
6 6559.810
6 6602.968
6 6718.614
6 6726.191
6 6763.680
6 7064.705
6 7300.379
7 7079.888
7 7087.489
7 7091.145
7 7091.860
7 7092.525
7 7103.885
7 7106.354
7 7110.841
7 7111.265
7 7112.840
7 7114.343
7 7117.244
7 7129.923
7 7132.511
7 7133.986
7 7134.312
7 7141.170
7 7150.774
7 7153.220
7 7159.090
7 7160.491
7 7162.649
7 7182.086
7 7225.524
7 7240.900
7 7309.658
7 7345.974
7 7384.237
7 7392.027
7 7449.290
8 8099.172
8 8101.036
8 8102.759
8 8106.457
8 8109.954
8 8110.740
8 8116.846
8 8120.274
8 8122.171
8 8126.178
8 8126.864
8 8129.434
8 8136.203
8 8142.938
8 8159.081
8 8173.337
8 8245.629
8 8312.494
8 8340.172
8 8356.516
8 8377.757
8 8409.954
8 8440.971
8 8468.202
8 8519.288
8 8645.274
8 8668.825
8 8695.966
8 8803.265
8 8841.097
9 9096.934
9 9097.814
9 9104.620
9 9105.761
9 9106.051
9 9106.099
9 9113.204
9 9122.653
9 9127.190
9 9129.297
9 9130.759
9 9137.860
9 9140.599
9 9145.538
9 9149.221
9 9150.478
9 9153.985
9 9173.356
9 9174.639
9 9182.053
9 9200.116
9 9208.950
9 9291.779
9 9300.840
9 9305.363
9 9384.011
9 9398.728
9 9405.170
9 9480.036
9 9482.167
10 10100.216
10 10101.246
10 10104.646
10 10105.900
10 10107.699
10 10116.757
10 10117.779
10 10131.165
10 10131.924
10 10132.135
10 10133.898
10 10144.534
10 10148.354
10 10153.299
10 10156.062
10 10157.057
10 10158.657
10 10172.771
10 10183.849
10 10227.816
10 10235.018
10 10248.120
10 10324.633
10 10344.816
10 10399.982
10 10408.349
10 10411.314
10 10431.077
10 10441.035
10 10463.179
11 11100.543
11 11108.339
11 11110.828
11 11113.845
11 11115.478
11 11117.316
11 11117.628
11 11124.648
11 11125.802
11 11132.091
11 11142.322
11 11143.941
11 11148.076
11 11148.443
11 11148.626
11 11154.302
11 11156.200
11 11165.409
11 11193.849
11 11207.929
11 11215.273
11 11233.846
11 11267.121
11 11268.771
11 11269.797
11 11313.893
11 11349.616
11 11369.067
11 11431.681
11 11490.397
12 12093.089
12 12093.306
12 12094.092
12 12094.504
12 12095.454
12 12096.449
12 12096.472
12 12108.392
12 12111.342
12 12114.875
12 12115.220
12 12119.122
12 12129.768
12 12130.163
12 12130.796
12 12138.175
12 12138.588
12 12138.893
12 12146.005
12 12150.820
12 12151.390
12 12158.300
12 12167.917
12 12168.843
12 12169.168
12 12221.665
12 12233.716
12 12266.699
12 12277.712
12 12302.737
13 13100.951
13 13114.006
13 13127.968
13 13128.737
13 13131.580
13 13141.432
13 13147.791
13 13154.631
13 13154.913
13 13157.772
13 13159.051
13 13159.818
13 13164.861
13 13172.290
13 13172.475
13 13175.552
13 13190.108
13 13196.376
13 13199.350
13 13204.386
13 13204.776
13 13221.100
13 13233.945
13 13331.370
13 13367.818
13 13649.860
13 13689.400
13 13728.845
13 13821.558
13 13907.196
14 14083.678
14 14088.908
14 14092.354
14 14094.671
14 14097.283
14 14100.664
14 14100.879
14 14101.950
14 14103.071
14 14103.101
14 14105.829
14 14109.564
14 14122.413
14 14123.602
14 14123.795
14 14125.271
14 14131.937
14 14133.379
14 14145.729
14 14145.940
14 14147.739
14 14151.539
14 14154.218
14 14233.805
14 14358.046
14 14417.410
14 14426.579
14 14480.076
14 14532.484
14 14918.041
15 15136.776
15 15144.288
15 15146.565
15 15147.663
15 15147.941
15 15157.883
15 15167.461
15 15167.867
15 15170.604
15 15179.293
15 15181.613
15 15183.446
15 15185.847
15 15186.449
15 15196.678
15 15205.780
15 15232.551
15 15240.825
15 15254.989
15 15262.422
15 15299.666
15 15506.970
15 15526.340
15 15567.680
15 15658.291
15 15665.079
15 15682.151
15 15710.140
15 15854.443
15 16085.356
16 16128.220
16 16134.643
16 16138.417
16 16139.860
16 16151.688
16 16152.204
16 16161.945
16 16173.512
16 16345.618
16 16451.547
16 16478.408
16 16481.797
16 16608.576
16 16650.510
16 16660.767
16 16670.477
16 16706.463
16 16756.653
16 16765.417
16 16802.960
16 16818.425
16 16838.210
16 16972.335
16 16999.368
16 17043.284
16 17151.438
16 17157.792
16 17202.488
16 17657.794
16 17981.386
17 17115.731
17 17121.292
17 17124.589
17 17125.786
17 17129.298
17 17131.019
17 17135.630
17 17138.156
17 17143.582
17 17154.350
17 17154.431
17 17179.715
17 17182.217
17 17183.594
17 17188.096
17 17209.300
17 17235.146
17 17287.184
17 17342.834
17 17405.140
17 17448.342
17 17482.181
17 17526.077
17 17530.340
17 17566.558
17 17625.515
17 17657.684
17 17764.820
17 17884.603
17 18117.024
18 18140.648
18 18143.038
18 18147.547
18 18147.578
18 18147.718
18 18149.885
18 18151.924
18 18152.913
18 18152.985
18 18153.529
18 18154.347
18 18158.427
18 18160.919
18 18163.150
18 18163.274
18 18163.582
18 18163.833
18 18168.631
18 18172.534
18 18173.859
18 18174.854
18 18175.323
18 18178.956
18 18180.013
18 18183.141
18 18201.722
18 18242.126
18 18396.973
18 18448.755
18 18574.612
19 19129.229
19 19136.613
19 19137.625
19 19145.020
19 19145.933
19 19146.474
19 19146.625
19 19149.442
19 19151.547
19 19154.202
19 19156.880
19 19157.300
19 19166.100
19 19172.772
19 19172.869
19 19175.367
19 19180.899
19 19182.831
19 19186.815
19 19187.865
19 19188.289
19 19190.372
19 19200.221
19 19202.515
19 19210.971
19 19226.228
19 19230.492
19 19240.832
19 19242.936
19 19255.639
20 20103.157
20 20108.557
20 20108.782
20 20111.901
20 20114.481
20 20120.673
20 20122.748
20 20122.826
20 20122.973
20 20124.129
20 20129.388
20 20131.552
20 20132.649
20 20138.201
20 20139.303
20 20147.814
20 20150.187
20 20152.414
20 20157.212
20 20162.903
20 20177.372
20 20182.060
20 20227.968
20 20276.739
20 20278.712
20 20474.171
20 20504.067
20 20584.994
20 20588.255
20 20590.675
21 21115.132
21 21130.630
21 21131.374
21 21134.497
21 21140.965
21 21173.622
21 21175.576
21 21176.064
21 21180.939
21 21182.643
21 21183.788
21 21188.271
21 21191.893
21 21215.128
21 21246.101
21 21253.889
21 21307.310
21 21310.101
21 21317.734
21 21398.712
21 21430.005
21 21549.877
21 21583.189
21 21586.408
21 21597.207
21 21605.110
21 21619.535
21 21656.179
21 21662.351
21 21665.339
22 22146.378
22 22149.809
22 22155.942
22 22156.275
22 22161.935
22 22165.862
22 22166.312
22 22170.781
22 22173.297
22 22176.634
22 22177.772
22 22184.914
22 22208.249
22 22229.726
22 22272.402
22 22289.581
22 22298.876
22 22299.124
22 22332.434
22 22335.230
22 22368.715
22 22425.168
22 22522.568
22 22537.280
22 22722.318
22 22849.409
22 22868.647
22 22921.544
22 22942.258
22 23150.677
23 23129.310
23 23131.159
23 23131.881
23 23132.597
23 23136.976
23 23138.022
23 23140.061
23 23140.205
23 23142.915
23 23144.305
23 23145.666
23 23150.275
23 23151.590
23 23153.183
23 23167.669
23 23186.988
23 23275.260
23 23394.407
23 23455.471
23 23457.978
23 23460.152
23 23549.149
23 23722.309
23 23728.818
23 23842.828
23 23878.078
23 24061.963
23 24119.987
23 24247.593
23 24585.840
24 24096.041
24 24108.324
24 24109.962
24 24129.905
24 24130.412
24 24132.103
24 24133.948
24 24143.774
24 24145.535
24 24145.880
24 24156.384
24 24156.674
24 24159.427
24 24159.974
24 24168.277
24 24173.386
24 24175.010
24 24175.506
24 24178.515
24 24178.669
24 24187.862
24 24192.633
24 24241.823
24 24378.219
24 24539.317
24 24644.408
24 24657.738
24 24660.064
24 24692.348
24 25027.264
25 25094.288
25 25113.876
25 25118.499
25 25120.189
25 25123.907
25 25124.433
25 25126.724
25 25128.332
25 25130.399
25 25132.604
25 25135.450
25 25137.388
25 25139.752
25 25141.956
25 25145.800
25 25146.936
25 25150.351
25 25151.347
25 25155.578
25 25157.589
25 25161.509
25 25167.114
25 25182.762
25 25182.921
25 25189.150
25 25197.866
25 25215.376
25 25224.959
25 25239.703
25 25257.268
26 26123.737
26 26128.145
26 26132.836
26 26136.399
26 26140.008
26 26144.846
26 26150.092
26 26151.493
26 26153.507
26 26155.755
26 26155.786
26 26159.445
26 26163.778
26 26165.874
26 26167.971
26 26170.298
26 26175.149
26 26175.388
26 26177.072
26 26192.533
26 26193.042
26 26203.848
26 26225.250
26 26267.308
26 26285.815
26 26292.482
26 26422.771
26 26434.036
26 26455.631
26 26464.683
27 27091.366
27 27092.661
27 27096.007
27 27104.423
27 27105.343
27 27108.470
27 27110.028
27 27132.241
27 27137.585
27 27138.589
27 27140.531
27 27140.952
27 27147.078
27 27150.002
27 27151.348
27 27153.655
27 27154.105
27 27156.582
27 27157.154
27 27160.356
27 27164.408
27 27180.121
27 27182.057
27 27214.444
27 27245.545
27 27392.789
27 27466.644
27 27479.542
27 27525.941
27 27635.490
28 28137.433
28 28139.763
28 28149.975
28 28150.990
28 28153.176
28 28160.382
28 28160.409
28 28169.056
28 28170.016
28 28176.028
28 28176.246
28 28177.577
28 28184.493
28 28186.822
28 28187.620
28 28188.119
28 28191.250
28 28191.413
28 28192.205
28 28197.744
28 28201.239
28 28229.043
28 28269.823
28 28270.256
28 28334.756
28 28388.832
28 28419.297
28 28518.608
28 28609.883
28 28701.945
29 29138.633
29 29141.437
29 29150.143
29 29151.634
29 29153.784
29 29154.469
29 29155.431
29 29156.687
29 29160.600
29 29160.815
29 29162.173
29 29163.357
29 29163.673
29 29181.481
29 29182.377
29 29182.861
29 29197.651
29 29252.688
29 29270.917
29 29276.952
29 29316.909
29 29358.452
29 29384.840
29 29417.141
29 29440.823
29 29525.840
29 29589.857
29 29645.135
29 29682.615
29 29853.849
30 30173.836
30 30176.177
30 30188.796
30 30195.617
30 30200.163
30 30206.754
30 30229.559
30 30232.193
30 30234.947
30 30237.218
30 30242.836
30 30243.177
30 30249.074
30 30249.508
30 30253.990
30 30262.099
30 30265.638
30 30277.812
30 30282.108
30 30282.954
30 30284.758
30 30367.302
30 30395.094
30 30400.851
30 30404.380
30 30481.998
30 30483.003
30 30793.369
30 30812.758
30 31515.899
