0 0.282
0 0.284
0 0.285
0 0.287
0 0.288
0 0.288
0 0.288
0 0.288
0 0.288
0 0.288
0 0.289
0 0.289
0 0.293
0 0.294
0 0.299
0 0.303
0 0.303
0 0.304
0 0.355
0 0.358
0 0.359
0 0.368
0 0.451
0 0.576
0 0.578
0 0.581
0 0.654
0 0.662
0 0.872
0 0.873
1 1037.435
1 1039.444
1 1040.368
1 1040.475
1 1041.470
1 1041.538
1 1044.032
1 1046.305
1 1046.319
1 1047.120
1 1047.585
1 1047.715
1 1048.620
1 1050.061
1 1050.406
1 1050.515
1 1050.522
1 1050.849
1 1051.627
1 1052.656
1 1053.346
1 1055.636
1 1056.542
1 1056.773
1 1058.404
1 1058.804
1 1059.198
1 1060.204
1 1060.254
1 1066.161
2 2036.786
2 2040.195
2 2040.340
2 2041.110
2 2041.898
2 2042.391
2 2042.681
2 2043.280
2 2043.393
2 2043.715
2 2044.170
2 2044.416
2 2044.484
2 2044.506
2 2045.809
2 2046.193
2 2046.997
2 2047.233
2 2048.642
2 2049.082
2 2051.376
2 2051.662
2 2053.136
2 2054.690
2 2055.933
2 2059.545
2 2062.197
2 2069.194
2 2085.269
2 2089.898
3 3046.199
3 3050.873
3 3051.229
3 3051.401
3 3051.868
3 3051.936
3 3052.757
3 3053.479
3 3055.840
3 3057.506
3 3060.795
3 3062.260
3 3064.448
3 3066.469
3 3069.455
3 3073.067
3 3073.911
3 3074.220
3 3077.914
3 3081.275
3 3082.664
3 3084.759
3 3085.916
3 3086.662
3 3089.683
3 3107.035
3 3107.056
3 3108.064
3 3117.557
3 3127.959
4 4058.628
4 4059.919
4 4060.294
4 4061.853
4 4064.799
4 4065.667
4 4066.729
4 4067.905
4 4068.313
4 4069.005
4 4069.587
4 4070.745
4 4070.906
4 4071.695
4 4073.791
4 4074.992
4 4075.226
4 4080.253
4 4080.844
4 4083.962
4 4090.483
4 4094.267
4 4095.685
4 4096.293
4 4096.744
4 4097.822
4 4099.484
4 4100.850
4 4103.646
4 4120.357
5 5062.008
5 5062.482
5 5064.084
5 5065.442
5 5065.615
5 5066.166
5 5066.184
5 5067.604
5 5067.922
5 5069.534
5 5072.642
5 5075.439
5 5082.965
5 5089.427
5 5089.994
5 5091.928
5 5093.655
5 5094.139
5 5096.366
5 5100.332
5 5101.161
5 5101.626
5 5101.839
5 5112.202
5 5112.849
5 5114.301
5 5116.451
5 5117.055
5 5121.894
5 5136.714
6 6065.411
6 6065.556
6 6068.070
6 6069.518
6 6072.030
6 6073.901
6 6074.649
6 6074.913
6 6076.042
6 6078.068
6 6078.193
6 6079.078
6 6079.236
6 6088.010
6 6094.852
6 6095.577
6 6096.589
6 6098.246
6 6098.430
6 6098.625
6 6102.059
6 6107.042
6 6108.162
6 6109.416
6 6112.777
6 6113.312
6 6114.205
6 6115.822
6 6120.211
6 6126.229
7 7051.849
7 7058.304
7 7059.480
7 7069.478
7 7070.097
7 7070.398
7 7070.723
7 7070.935
7 7072.587
7 7072.761
7 7077.353
7 7078.020
7 7078.339
7 7081.818
7 7094.344
7 7095.009
7 7100.019
7 7100.366
7 7101.395
7 7105.141
7 7105.466
7 7105.785
7 7106.792
7 7107.956
7 7108.880
7 7112.927
7 7130.141
7 7139.687
7 7153.092
7 7205.645
8 8067.588
8 8068.916
8 8069.699
8 8073.118
8 8073.525
8 8075.271
8 8077.085
8 8077.205
8 8078.578
8 8079.089
8 8079.904
8 8080.293
8 8084.166
8 8086.010
8 8090.232
8 8093.291
8 8098.311
8 8107.528
8 8107.662
8 8110.603
8 8111.170
8 8113.637
8 8115.491
8 8117.713
8 8117.746
8 8120.584
8 8124.307
8 8126.805
8 8138.482
8 8139.564
9 9063.433
9 9079.407
9 9079.493
9 9079.695
9 9081.965
9 9082.753
9 9084.840
9 9084.854
9 9085.489
9 9086.875
9 9086.936
9 9088.944
9 9092.388
9 9097.387
9 9104.194
9 9110.009
9 9112.063
9 9112.853
9 9118.077
9 9120.293
9 9124.592
9 9125.597
9 9128.268
9 9129.106
9 9133.223
9 9133.723
9 9135.763
9 9138.039
9 9143.829
9 9154.329
10 10081.923
10 10085.467
10 10085.621
10 10088.068
10 10089.289
10 10090.561
10 10092.332
10 10092.589
10 10092.777
10 10095.172
10 10095.497
10 10096.427
10 10098.746
10 10101.287
10 10101.637
10 10113.759
10 10114.545
10 10115.065
10 10115.670
10 10116.076
10 10117.742
10 10120.524
10 10120.703
10 10121.176
10 10122.368
10 10124.941
10 10128.595
10 10128.697
10 10131.258
10 10133.996
11 11063.985
11 11067.355
11 11070.015
11 11070.691
11 11071.354
11 11074.584
11 11078.557
11 11080.551
11 11084.057
11 11084.520
11 11086.330
11 11086.581
11 11093.466
11 11099.073
11 11104.761
11 11119.887
11 11121.774
11 11122.290
11 11122.686
11 11123.218
11 11126.628
11 11127.007
11 11129.580
11 11131.611
11 11133.410
11 11136.945
11 11136.988
11 11137.232
11 11140.795
11 11153.170
12 12070.104
12 12073.009
12 12096.186
12 12116.650
12 12118.057
12 12122.159
12 12122.507
12 12124.924
12 12125.244
12 12126.697
12 12127.897
12 12130.705
12 12138.603
12 12144.487
12 12151.298
12 12151.576
12 12154.933
12 12156.776
12 12161.601
12 12161.627
12 12170.293
12 12170.303
12 12183.552
12 12185.839
12 12189.618
12 12189.902
12 12191.890
12 12196.068
12 12201.888
12 12207.672
13 13075.890
13 13077.313
13 13078.459
13 13087.676
13 13088.080
13 13088.712
13 13089.381
13 13092.962
13 13095.884
13 13096.156
13 13099.851
13 13101.246
13 13108.242
13 13108.279
13 13109.887
13 13113.085
13 13115.929
13 13117.106
13 13122.067
13 13122.617
13 13127.671
13 13130.596
13 13131.329
13 13133.621
13 13133.754
13 13134.799
13 13136.675
13 13136.708
13 13141.339
13 13142.394
14 14095.060
14 14098.519
14 14099.936
14 14100.221
14 14101.816
14 14103.587
14 14112.882
14 14114.366
14 14115.409
14 14118.035
14 14122.416
14 14122.981
14 14125.546
14 14126.896
14 14127.852
14 14128.294
14 14128.585
14 14128.789
14 14129.424
14 14130.493
14 14130.637
14 14141.125
14 14141.771
14 14143.109
14 14145.893
14 14165.309
14 14166.390
14 14198.256
14 14202.306
14 14237.608
15 15092.174
15 15092.728
15 15093.300
15 15094.392
15 15097.114
15 15099.741
15 15102.026
15 15106.999
15 15108.458
15 15109.554
15 15115.455
15 15118.059
15 15121.687
15 15122.501
15 15128.279
15 15128.805
15 15131.298
15 15138.878
15 15140.770
15 15144.989
15 15148.609
15 15149.120
15 15153.345
15 15153.679
15 15155.435
15 15157.549
15 15160.137
15 15165.887
15 15170.152
15 15174.489
16 16089.312
16 16090.422
16 16090.696
16 16095.503
16 16097.535
16 16100.093
16 16102.000
16 16102.993
16 16105.705
16 16110.715
16 16112.519
16 16114.173
16 16114.386
16 16115.053
16 16115.455
16 16117.496
16 16121.898
16 16123.929
16 16126.307
16 16132.095
16 16132.961
16 16136.997
16 16137.451
16 16137.641
16 16140.925
16 16142.350
16 16146.569
16 16149.328
16 16149.506
16 16152.317
17 17087.154
17 17088.785
17 17091.307
17 17091.622
17 17092.908
17 17094.355
17 17095.502
17 17095.920
17 17096.025
17 17099.123
17 17099.751
17 17111.386
17 17120.056
17 17122.188
17 17123.149
17 17123.552
17 17125.093
17 17125.465
17 17126.162
17 17127.961
17 17131.135
17 17131.721
17 17139.232
17 17144.498
17 17145.801
17 17147.476
17 17149.910
17 17150.099
17 17153.233
17 17163.314
18 18064.864
18 18067.966
18 18070.164
18 18074.368
18 18075.749
18 18078.529
18 18082.316
18 18083.305
18 18085.770
18 18092.167
18 18094.548
18 18099.873
18 18104.691
18 18105.959
18 18109.038
18 18109.761
18 18110.778
18 18113.831
18 18114.970
18 18117.794
18 18120.371
18 18121.219
18 18126.604
18 18128.579
18 18129.535
18 18131.366
18 18133.885
18 18136.651
18 18140.802
18 18146.064
19 19077.701
19 19086.386
19 19086.638
19 19086.778
19 19088.168
19 19091.010
19 19091.181
19 19093.973
19 19097.221
19 19100.193
19 19102.687
19 19111.065
19 19111.600
19 19117.930
19 19121.933
19 19121.965
19 19124.982
19 19127.977
19 19130.060
19 19131.395
19 19131.945
19 19135.512
19 19135.706
19 19135.769
19 19135.960
19 19136.040
19 19139.138
19 19142.107
19 19143.583
19 19143.583
20 20087.474
20 20089.259
20 20091.305
20 20093.117
20 20094.226
20 20095.106
20 20096.424
20 20102.874
20 20107.167
20 20109.208
20 20109.858
20 20112.206
20 20112.351
20 20113.356
20 20119.872
20 20123.551
20 20127.773
20 20130.159
20 20134.608
20 20136.242
20 20138.620
20 20148.954
20 20149.634
20 20150.017
20 20153.817
20 20158.645
20 20162.095
20 20187.525
20 20190.850
20 20209.150
21 21084.351
21 21085.440
21 21088.767
21 21091.391
21 21096.530
21 21099.035
21 21102.869
21 21102.979
21 21104.187
21 21105.677
21 21106.927
21 21113.375
21 21113.391
21 21118.511
21 21118.641
21 21119.245
21 21124.819
21 21126.157
21 21126.479
21 21128.340
21 21128.988
21 21129.177
21 21131.534
21 21132.030
21 21135.743
21 21141.638
21 21147.975
21 21150.706
21 21152.495
21 21217.225
22 22077.972
22 22078.779
22 22081.884
22 22091.739
22 22095.017
22 22099.321
22 22100.265
22 22102.496
22 22106.242
22 22108.304
22 22109.392
22 22109.415
22 22109.563
22 22117.455
22 22118.638
22 22123.779
22 22124.678
22 22125.714
22 22128.760
22 22131.500
22 22133.398
22 22136.540
22 22139.155
22 22139.377
22 22141.791
22 22141.950
22 22143.539
22 22144.074
22 22144.625
22 22163.819
23 23089.917
23 23091.047
23 23092.977
23 23103.049
23 23107.449
23 23107.675
23 23108.015
23 23110.256
23 23110.700
23 23110.762
23 23113.385
23 23116.419
23 23117.883
23 23121.603
23 23123.040
23 23128.784
23 23134.147
23 23134.300
23 23135.024
23 23137.691
23 23138.410
23 23138.972
23 23150.965
23 23153.064
23 23161.188
23 23170.525
23 23200.754
23 23212.578
23 23213.971
23 23238.420
24 24080.371
24 24092.684
24 24108.821
24 24129.515
24 24138.005
24 24148.486
24 24149.744
24 24152.944
24 24156.885
24 24177.422
24 24193.697
24 24196.988
24 24203.235
24 24210.064
24 24221.919
24 24222.541
24 24225.582
24 24231.448
24 24236.572
24 24239.867
24 24242.180
24 24252.418
24 24261.553
24 24264.145
24 24273.156
24 24278.543
24 24290.319
24 24309.037
24 24320.794
24 24326.900
25 25093.958
25 25095.632
25 25096.506
25 25098.912
25 25100.984
25 25101.399
25 25101.532
25 25102.419
25 25108.947
25 25109.167
25 25112.054
25 25116.446
25 25117.252
25 25120.037
25 25121.398
25 25123.958
25 25126.596
25 25127.241
25 25130.334
25 25131.424
25 25134.030
25 25134.463
25 25135.201
25 25142.505
25 25145.857
25 25146.304
25 25149.745
25 25151.310
25 25154.442
25 25154.596
26 26093.332
26 26103.458
26 26103.824
26 26104.862
26 26107.019
26 26107.650
26 26107.962
26 26109.951
26 26115.207
26 26115.416
26 26116.377
26 26124.587
26 26125.125
26 26125.934
26 26126.341
26 26127.408
26 26127.786
26 26132.107
26 26132.467
26 26133.093
26 26134.220
26 26135.541
26 26135.617
26 26136.561
26 26143.266
26 26144.189
26 26150.409
26 26151.338
26 26157.159
26 26474.935
27 27080.040
27 27081.231
27 27084.104
27 27089.271
27 27090.519
27 27099.054
27 27103.944
27 27105.265
27 27105.370
27 27109.103
27 27109.459
27 27110.221
27 27110.341
27 27117.761
27 27118.973
27 27125.938
27 27132.153
27 27132.489
27 27135.323
27 27136.543
27 27138.047
27 27148.216
27 27153.005
27 27154.297
27 27155.597
27 27158.016
27 27162.431
27 27166.604
27 27191.991
27 27208.252
28 28073.953
28 28084.951
28 28086.186
28 28088.439
28 28093.815
28 28098.979
28 28099.270
28 28103.132
28 28103.275
28 28105.031
28 28107.233
28 28110.077
28 28112.467
28 28113.084
28 28115.260
28 28120.035
28 28127.603
28 28129.264
28 28129.292
28 28130.369
28 28136.958
28 28136.984
28 28138.363
28 28138.832
28 28139.192
28 28141.247
28 28144.310
28 28150.616
28 28153.927
28 28167.297
29 29080.001
29 29092.244
29 29096.926
29 29099.369
29 29100.984
29 29101.342
29 29102.325
29 29103.221
29 29104.079
29 29107.977
29 29113.255
29 29121.827
29 29123.907
29 29125.892
29 29127.208
29 29128.361
29 29128.561
29 29128.695
29 29129.763
29 29131.559
29 29133.291
29 29134.883
29 29135.214
29 29140.465
29 29142.201
29 29147.577
29 29154.076
29 29161.064
29 29162.406
29 29178.052
30 30081.369
30 30083.788
30 30088.126
30 30088.529
30 30095.925
30 30096.227
30 30097.286
30 30109.506
30 30113.310
30 30115.883
30 30123.596
30 30124.480
30 30125.269
30 30127.195
30 30128.643
30 30130.035
30 30130.578
30 30131.503
30 30136.197
30 30138.960
30 30139.037
30 30141.211
30 30148.546
30 30149.739
30 30150.055
30 30150.414
30 30151.993
30 30154.025
30 30161.686
30 30794.070
