0 10.004
0 10.004
0 10.004
0 10.004
0 10.004
0 10.004
0 10.004
0 10.004
0 10.004
0 10.004
0 10.004
0 10.004
0 10.004
0 10.290
0 10.290
0 10.290
0 10.290
0 10.462
0 10.593
0 10.804
0 11.052
0 11.059
0 11.080
0 11.287
0 11.313
0 11.314
0 11.323
0 11.617
0 11.733
0 12.860
1 1037.053
1 1045.253
1 1045.490
1 1045.561
1 1045.766
1 1045.785
1 1045.894
1 1046.430
1 1047.765
1 1048.955
1 1049.012
1 1049.118
1 1049.119
1 1049.746
1 1049.777
1 1050.101
1 1050.389
1 1050.982
1 1053.278
1 1054.925
1 1055.269
1 1055.384
1 1055.439
1 1056.044
1 1057.360
1 1057.522
1 1057.524
1 1059.807
1 1061.360
1 1066.447
2 2053.422
2 2054.540
2 2055.254
2 2055.284
2 2055.347
2 2055.460
2 2055.545
2 2055.620
2 2055.908
2 2055.969
2 2056.196
2 2056.700
2 2057.199
2 2057.434
2 2058.535
2 2058.677
2 2058.705
2 2059.388
2 2059.397
2 2060.882
2 2062.920
2 2064.064
2 2064.582
2 2067.211
2 2072.306
2 2073.156
2 2079.943
2 2080.707
2 2090.890
2 2092.645
3 3043.256
3 3048.948
3 3051.426
3 3052.219
3 3052.717
3 3052.826
3 3053.128
3 3053.837
3 3054.389
3 3054.691
3 3058.038
3 3059.310
3 3060.712
3 3060.947
3 3061.345
3 3070.938
3 3072.097
3 3072.171
3 3074.102
3 3074.291
3 3075.669
3 3075.940
3 3076.884
3 3078.006
3 3078.572
3 3079.217
3 3081.080
3 3089.242
3 3097.417
3 3099.557
4 4052.775
4 4054.922
4 4055.781
4 4056.277
4 4057.928
4 4058.798
4 4062.000
4 4063.612
4 4065.385
4 4067.980
4 4071.217
4 4071.873
4 4072.329
4 4072.625
4 4074.358
4 4078.938
4 4079.893
4 4083.333
4 4085.375
4 4089.081
4 4089.877
4 4091.444
4 4097.556
4 4102.210
4 4109.723
4 4111.471
4 4112.646
4 4113.966
4 4115.192
4 4121.003
5 5059.112
5 5066.404
5 5067.371
5 5067.613
5 5070.105
5 5070.443
5 5071.394
5 5073.796
5 5074.728
5 5074.859
5 5077.588
5 5077.786
5 5079.300
5 5080.856
5 5083.403
5 5083.455
5 5083.528
5 5089.230
5 5090.467
5 5093.187
5 5093.631
5 5093.927
5 5097.305
5 5106.903
5 5107.233
5 5108.808
5 5111.290
5 5120.120
5 5132.538
5 5142.992
6 6055.880
6 6056.753
6 6061.402
6 6061.826
6 6062.860
6 6071.101
6 6072.387
6 6073.268
6 6073.306
6 6073.336
6 6074.110
6 6076.923
6 6077.251
6 6078.269
6 6081.033
6 6083.075
6 6083.812
6 6084.582
6 6090.130
6 6090.545
6 6090.879
6 6094.531
6 6095.137
6 6095.982
6 6097.807
6 6099.667
6 6103.800
6 6117.618
6 6121.239
6 6123.652
7 7042.568
7 7043.219
7 7044.446
7 7044.844
7 7046.414
7 7047.767
7 7048.962
7 7049.160
7 7053.920
7 7055.310
7 7056.038
7 7058.461
7 7062.173
7 7065.428
7 7065.428
7 7068.171
7 7071.490
7 7079.848
7 7084.251
7 7092.346
7 7095.864
7 7097.790
7 7101.430
7 7102.794
7 7103.083
7 7104.461
7 7105.200
7 7112.831
7 7112.968
7 7125.380
8 8061.521
8 8063.749
8 8065.307
8 8066.665
8 8067.027
8 8067.193
8 8068.509
8 8074.574
8 8074.707
8 8074.893
8 8075.498
8 8076.225
8 8093.780
8 8095.639
8 8100.012
8 8100.514
8 8101.229
8 8102.838
8 8104.833
8 8105.236
8 8107.459
8 8111.098
8 8111.652
8 8119.582
8 8125.094
8 8125.209
8 8126.295
8 8159.152
8 8230.170
8 8235.675
9 9060.657
9 9063.997
9 9069.250
9 9069.681
9 9075.876
9 9077.714
9 9078.683
9 9078.709
9 9079.969
9 9080.785
9 9085.022
9 9090.975
9 9091.708
9 9093.476
9 9095.615
9 9095.805
9 9097.728
9 9098.320
9 9105.417
9 9106.061
9 9121.299
9 9124.856
9 9127.611
9 9130.058
9 9131.440
9 9138.135
9 9147.071
9 9149.007
9 9156.411
9 9161.046
10 10081.809
10 10095.703
10 10096.693
10 10097.248
10 10097.420
10 10100.247
10 10103.321
10 10105.243
10 10105.860
10 10111.186
10 10112.473
10 10115.377
10 10116.141
10 10117.404
10 10118.286
10 10120.981
10 10121.328
10 10129.560
10 10129.875
10 10137.322
10 10141.701
10 10142.059
10 10143.406
10 10146.891
10 10152.690
10 10154.973
10 10155.113
10 10155.791
10 10160.753
10 10161.409
11 11068.783
11 11070.529
11 11070.925
11 11072.281
11 11075.505
11 11077.263
11 11088.105
11 11095.197
11 11095.346
11 11097.580
11 11100.408
11 11107.850
11 11108.544
11 11111.245
11 11115.138
11 11116.900
11 11117.773
11 11118.924
11 11119.461
11 11129.206
11 11130.165
11 11130.596
11 11135.125
11 11143.089
11 11143.300
11 11144.185
11 11149.192
11 11173.389
11 11173.970
11 11230.321
12 12050.451
12 12050.511
12 12052.459
12 12056.487
12 12059.180
12 12061.139
12 12061.669
12 12065.623
12 12070.266
12 12070.682
12 12079.120
12 12080.653
12 12085.671
12 12095.754
12 12097.451
12 12097.936
12 12102.411
12 12113.206
12 12116.265
12 12125.275
12 12131.993
12 12137.670
12 12140.513
12 12145.622
12 12146.661
12 12147.419
12 12147.603
12 12149.482
12 12152.967
12 12158.747
13 13065.304
13 13067.218
13 13068.029
13 13071.601
13 13074.567
13 13075.160
13 13076.361
13 13078.126
13 13085.836
13 13086.202
13 13086.447
13 13096.539
13 13099.274
13 13106.820
13 13107.885
13 13108.299
13 13110.383
13 13112.317
13 13115.845
13 13120.016
13 13121.463
13 13139.462
13 13139.747
13 13141.440
13 13147.081
13 13147.965
13 13157.295
13 13160.215
13 13172.977
13 13175.920
14 14082.960
14 14085.902
14 14089.225
14 14090.034
14 14090.102
14 14091.263
14 14095.004
14 14095.114
14 14102.515
14 14102.956
14 14103.348
14 14107.861
14 14109.748
14 14111.872
14 14112.808
14 14112.834
14 14115.889
14 14116.307
14 14117.335
14 14118.704
14 14119.725
14 14129.177
14 14130.922
14 14146.724
14 14149.468
14 14150.754
14 14153.433
14 14174.459
14 14176.176
14 14196.218
15 15041.410
15 15044.020
15 15045.067
15 15047.048
15 15047.508
15 15049.410
15 15053.386
15 15057.008
15 15057.338
15 15061.996
15 15067.541
15 15070.556
15 15080.454
15 15082.867
15 15091.421
15 15097.305
15 15100.110
15 15118.709
15 15119.443
15 15120.650
15 15125.752
15 15133.216
15 15143.749
15 15145.843
15 15155.947
15 15159.047
15 15162.082
15 15171.313
15 15191.083
15 15192.387
16 16054.479
16 16059.258
16 16063.586
16 16071.250
16 16077.503
16 16085.660
16 16086.433
16 16087.443
16 16087.733
16 16092.948
16 16096.030
16 16102.144
16 16106.372
16 16107.344
16 16109.728
16 16114.398
16 16116.309
16 16120.422
16 16123.392
16 16124.136
16 16124.227
16 16130.836
16 16137.404
16 16147.831
16 16157.671
16 16163.489
16 16183.919
16 16188.765
16 16197.071
16 16205.341
17 17063.457
17 17064.767
17 17072.650
17 17081.183
17 17081.564
17 17083.955
17 17085.477
17 17090.793
17 17091.873
17 17093.942
17 17094.739
17 17096.679
17 17098.755
17 17100.113
17 17100.586
17 17109.758
17 17114.263
17 17114.879
17 17115.305
17 17120.655
17 17127.447
17 17131.989
17 17150.441
17 17163.844
17 17166.504
17 17166.737
17 17172.653
17 17176.538
17 17190.012
17 17209.640
18 18083.270
18 18085.413
18 18085.741
18 18095.423
18 18096.744
18 18100.951
18 18103.878
18 18105.869
18 18106.023
18 18114.418
18 18114.931
18 18122.117
18 18123.705
18 18123.875
18 18124.378
18 18124.525
18 18126.354
18 18128.235
18 18129.233
18 18129.717
18 18131.943
18 18132.344
18 18135.992
18 18136.073
18 18143.272
18 18146.131
18 18149.894
18 18154.162
18 18157.216
18 18264.301
19 19054.113
19 19067.304
19 19068.818
19 19075.164
19 19076.703
19 19077.240
19 19078.713
19 19084.498
19 19091.369
19 19091.835
19 19093.834
19 19095.162
19 19096.258
19 19098.020
19 19098.603
19 19104.152
19 19106.313
19 19110.350
19 19113.770
19 19118.435
19 19121.690
19 19125.830
19 19126.866
19 19127.526
19 19131.508
19 19134.188
19 19139.128
19 19142.140
19 19144.213
19 19186.131
20 20061.191
20 20062.250
20 20064.691
20 20067.644
20 20082.426
20 20083.328
20 20084.923
20 20085.877
20 20088.207
20 20097.463
20 20100.087
20 20107.672
20 20107.916
20 20108.174
20 20108.264
20 20110.331
20 20114.193
20 20115.536
20 20116.997
20 20123.175
20 20126.314
20 20128.939
20 20140.909
20 20147.727
20 20149.595
20 20152.837
20 20156.800
20 20165.641
20 20178.372
20 20194.703
21 21055.838
21 21064.091
21 21064.571
21 21065.451
21 21066.829
21 21080.684
21 21080.917
21 21082.618
21 21084.826
21 21085.266
21 21088.984
21 21096.204
21 21100.703
21 21103.626
21 21108.486
21 21115.952
21 21116.696
21 21121.013
21 21129.584
21 21132.832
21 21133.177
21 21141.604
21 21144.134
21 21146.314
21 21147.029
21 21154.644
21 21157.340
21 21157.594
21 21171.198
21 21421.189
22 22062.283
22 22062.495
22 22066.269
22 22070.033
22 22078.991
22 22080.941
22 22083.816
22 22087.766
22 22090.767
22 22093.647
22 22099.249
22 22103.075
22 22103.914
22 22112.596
22 22115.406
22 22118.431
22 22136.285
22 22143.763
22 22152.049
22 22153.586
22 22154.222
22 22171.932
22 22183.965
22 22184.603
22 22185.693
22 22205.045
22 22210.124
22 22247.293
22 22271.583
22 22325.859
23 23078.604
23 23080.096
23 23083.121
23 23083.217
23 23083.975
23 23084.669
23 23086.588
23 23093.655
23 23100.556
23 23101.474
23 23103.329
23 23103.716
23 23104.534
23 23107.669
23 23109.532
23 23110.698
23 23112.991
23 23120.707
23 23121.871
23 23130.544
23 23132.935
23 23148.764
23 23149.076
23 23149.995
23 23164.208
23 23179.216
23 23182.334
23 23184.209
23 23191.599
23 23198.560
24 24055.241
24 24056.279
24 24060.041
24 24066.382
24 24066.876
24 24071.985
24 24074.245
24 24086.463
24 24088.232
24 24090.493
24 24091.427
24 24094.370
24 24094.500
24 24097.219
24 24101.191
24 24112.629
24 24113.102
24 24120.347
24 24122.765
24 24125.722
24 24139.124
24 24145.443
24 24150.793
24 24152.114
24 24152.676
24 24163.028
24 24166.635
24 24171.961
24 24179.130
24 24183.194
25 25068.297
25 25083.037
25 25083.291
25 25088.178
25 25091.739
25 25094.873
25 25095.645
25 25097.273
25 25104.798
25 25105.132
25 25107.483
25 25108.112
25 25116.353
25 25118.610
25 25120.376
25 25120.498
25 25124.984
25 25125.976
25 25132.032
25 25134.206
25 25136.377
25 25136.864
25 25141.809
25 25142.624
25 25147.063
25 25148.008
25 25151.042
25 25153.104
25 25162.375
25 25163.400
26 26075.425
26 26079.074
26 26086.971
26 26092.756
26 26095.043
26 26100.230
26 26103.750
26 26108.604
26 26112.739
26 26114.833
26 26118.138
26 26119.562
26 26120.227
26 26126.728
26 26140.441
26 26141.698
26 26142.530
26 26143.081
26 26143.347
26 26145.120
26 26149.049
26 26149.481
26 26151.787
26 26153.965
26 26158.047
26 26160.243
26 26164.455
26 26164.780
26 26164.926
26 26204.672
27 27082.400
27 27085.193
27 27087.242
27 27089.095
27 27093.697
27 27097.007
27 27098.048
27 27098.699
27 27102.576
27 27105.119
27 27106.511
27 27107.280
27 27115.738
27 27124.970
27 27125.896
27 27126.764
27 27128.212
27 27129.162
27 27132.257
27 27141.122
27 27142.485
27 27144.966
27 27149.095
27 27152.543
27 27152.567
27 27161.493
27 27162.968
27 27173.116
27 27196.742
27 27200.321
28 28050.413
28 28051.828
28 28062.130
28 28065.094
28 28065.781
28 28065.806
28 28066.223
28 28066.294
28 28069.227
28 28071.556
28 28073.042
28 28076.407
28 28087.542
28 28088.028
28 28090.868
28 28093.460
28 28094.495
28 28108.773
28 28113.975
28 28114.115
28 28119.663
28 28122.715
28 28130.664
28 28131.529
28 28146.197
28 28151.653
28 28159.386
28 28166.930
28 28173.858
28 28204.662
29 29068.833
29 29072.246
29 29080.763
29 29084.413
29 29085.566
29 29086.515
29 29088.556
29 29094.157
29 29098.919
29 29105.135
29 29105.194
29 29105.774
29 29108.503
29 29109.298
29 29116.177
29 29116.464
29 29120.418
29 29121.478
29 29126.766
29 29127.018
29 29127.202
29 29127.554
29 29130.428
29 29137.950
29 29141.270
29 29148.574
29 29165.985
29 29167.970
29 29170.487
29 29181.985
30 30071.344
30 30074.094
30 30080.052
30 30082.879
30 30084.224
30 30084.561
30 30085.969
30 30091.045
30 30099.875
30 30103.978
30 30110.701
30 30112.026
30 30122.951
30 30125.009
30 30128.492
30 30131.492
30 30133.144
30 30133.435
30 30138.313
30 30142.696
30 30150.373
30 30155.468
30 30158.206
30 30162.740
30 30165.357
30 30166.206
30 30180.079
30 30185.682
30 30190.151
30 30216.105
