0 289.052
0 312.886
0 323.485
0 327.599
0 330.989
0 332.494
0 333.601
0 339.998
0 340.665
0 340.849
0 341.092
0 347.947
0 362.278
0 363.631
0 371.048
0 379.448
0 387.895
0 400.735
0 402.232
0 415.322
0 415.381
0 419.100
0 421.658
0 423.858
0 431.917
0 439.587
0 440.361
0 463.952
0 464.487
0 495.830
1 1759.231
1 1765.534
1 1774.215
1 1775.408
1 1779.059
1 1779.930
1 1780.161
1 1780.628
1 1782.167
1 1784.066
1 1785.690
1 1786.282
1 1787.734
1 1789.772
1 1790.002
1 1792.379
1 1793.637
1 1794.305
1 1795.520
1 1798.554
1 1799.583
1 1800.661
1 1801.161
1 1801.375
1 1801.497
1 1801.557
1 1801.782
1 1801.914
1 1808.844
1 1810.972
2 2461.453
2 2467.521
2 2470.291
2 2473.603
2 2486.585
2 2490.691
2 2491.616
2 2499.919
2 2500.331
2 2502.317
2 2503.741
2 2504.366
2 2504.998
2 2506.525
2 2508.322
2 2508.601
2 2509.429
2 2528.776
2 2533.489
2 2539.705
2 2541.754
2 2545.513
2 2545.674
2 2553.461
2 2553.909
2 2554.312
2 2555.576
2 2559.752
2 2560.263
2 2572.456
3 3489.848
3 3498.063
3 3499.310
3 3508.222
3 3513.841
3 3516.036
3 3520.364
3 3522.156
3 3525.637
3 3527.041
3 3527.570
3 3527.711
3 3527.892
3 3529.788
3 3533.481
3 3535.910
3 3539.492
3 3539.650
3 3540.527
3 3540.926
3 3543.840
3 3543.887
3 3549.644
3 3553.199
3 3559.566
3 3561.560
3 3565.592
3 3581.880
3 3590.857
3 3592.712
4 4513.267
4 4515.074
4 4524.188
4 4529.812
4 4533.266
4 4538.026
4 4539.130
4 4540.941
4 4541.120
4 4545.260
4 4547.480
4 4547.583
4 4547.734
4 4551.435
4 4552.136
4 4552.579
4 4556.154
4 4559.142
4 4559.926
4 4562.792
4 4566.304
4 4567.318
4 4568.588
4 4570.158
4 4575.121
4 4576.813
4 4577.439
4 4577.805
4 4578.434
4 4582.984
5 5530.949
5 5533.510
5 5536.882
5 5537.822
5 5538.189
5 5541.099
5 5544.616
5 5546.039
5 5549.479
5 5550.436
5 5550.743
5 5554.321
5 5557.021
5 5562.495
5 5564.413
5 5566.071
5 5567.943
5 5577.871
5 5578.121
5 5579.101
5 5583.637
5 5588.800
5 5589.807
5 5590.498
5 5591.758
5 5603.380
5 5617.293
5 5620.575
5 5622.836
5 5632.458
6 6543.847
6 6552.257
6 6557.460
6 6559.827
6 6559.973
6 6563.461
6 6565.746
6 6565.825
6 6566.010
6 6567.231
6 6572.751
6 6573.995
6 6577.044
6 6578.959
6 6584.922
6 6586.747
6 6586.823
6 6593.764
6 6594.065
6 6594.085
6 6596.680
6 6601.098
6 6601.533
6 6602.661
6 6609.527
6 6609.723
6 6616.185
6 6617.058
6 6621.542
6 6625.137
7 7566.802
7 7575.011
7 7577.147
7 7578.411
7 7579.329
7 7581.683
7 7584.288
7 7585.319
7 7589.851
7 7592.120
7 7595.313
7 7596.329
7 7606.517
7 7607.810
7 7608.832
7 7615.241
7 7615.819
7 7618.065
7 7618.955
7 7622.022
7 7625.477
7 7626.073
7 7635.929
7 7637.563
7 7637.737
7 7638.201
7 7639.349
7 7640.583
7 7658.672
7 7670.484
8 8547.399
8 8551.961
8 8553.132
8 8561.133
8 8567.870
8 8569.192
8 8569.240
8 8570.224
8 8572.913
8 8576.983
8 8577.864
8 8579.608
8 8581.947
8 8588.976
8 8591.999
8 8598.691
8 8601.094
8 8607.620
8 8609.839
8 8612.225
8 8613.201
8 8614.543
8 8615.683
8 8618.901
8 8625.695
8 8629.142
8 8639.453
8 8645.001
8 8652.197
8 8656.256
9 9493.400
9 9505.962
9 9512.689
9 9520.791
9 9522.005
9 9522.226
9 9522.978
9 9530.055
9 9530.608
9 9530.708
9 9531.730
9 9538.393
9 9541.151
9 9543.530
9 9544.870
9 9545.634
9 9545.821
9 9564.237
9 9570.323
9 9577.300
9 9579.395
9 9583.649
9 9588.595
9 9598.005
9 9599.065
9 9599.535
9 9600.237
9 9603.050
9 9606.339
9 9721.324
10 10564.927
10 10573.989
10 10580.022
10 10584.936
10 10585.871
10 10587.612
10 10588.578
10 10589.079
10 10592.971
10 10595.415
10 10595.649
10 10596.827
10 10599.129
10 10603.436
10 10607.375
10 10609.409
10 10610.305
10 10612.778
10 10625.147
10 10628.320
10 10636.277
10 10636.866
10 10641.906
10 10642.591
10 10652.556
10 10655.190
10 10663.682
10 10665.324
10 10673.973
10 10689.554
11 11569.748
11 11577.016
11 11581.561
11 11583.307
11 11584.207
11 11586.215
11 11586.304
11 11586.716
11 11593.034
11 11602.541
11 11605.159
11 11605.255
11 11609.116
11 11609.980
11 11611.975
11 11616.764
11 11622.757
11 11623.292
11 11624.608
11 11625.918
11 11644.642
11 11644.973
11 11647.343
11 11653.113
11 11653.398
11 11658.247
11 11658.972
11 11661.049
11 11674.669
11 11676.037
12 12555.477
12 12563.029
12 12567.813
12 12569.778
12 12571.645
12 12572.649
12 12577.069
12 12582.633
12 12583.372
12 12583.675
12 12601.039
12 12612.818
12 12612.856
12 12617.962
12 12626.845
12 12628.572
12 12629.108
12 12632.815
12 12640.441
12 12643.994
12 12644.889
12 12646.183
12 12647.100
12 12647.857
12 12648.594
12 12651.373
12 12652.644
12 12664.153
12 12666.715
12 12679.914
13 13571.445
13 13572.660
13 13578.589
13 13582.098
13 13609.413
13 13611.719
13 13612.158
13 13614.800
13 13618.809
13 13620.396
13 13625.376
13 13629.895
13 13640.416
13 13643.772
13 13650.662
13 13661.463
13 13661.986
13 13667.827
13 13669.327
13 13670.841
13 13685.197
13 13709.219
13 13714.873
13 13715.121
13 13722.538
13 13754.771
13 13773.122
13 13787.097
13 13826.827
13 13827.579
14 14562.979
14 14563.897
14 14565.407
14 14566.857
14 14568.621
14 14571.881
14 14572.765
14 14574.340
14 14575.791
14 14575.893
14 14576.693
14 14577.235
14 14579.729
14 14603.257
14 14604.814
14 14609.693
14 14616.685
14 14627.735
14 14629.065
14 14629.137
14 14634.059
14 14638.605
14 14662.861
14 14664.651
14 14666.506
14 14666.642
14 14666.786
14 14669.041
14 14674.551
14 14706.504
15 15582.762
15 15585.773
15 15588.516
15 15588.829
15 15590.939
15 15597.344
15 15599.753
15 15600.700
15 15601.520
15 15611.779
15 15614.427
15 15618.997
15 15619.463
15 15621.942
15 15625.615
15 15627.389
15 15629.914
15 15631.071
15 15633.291
15 15635.463
15 15639.324
15 15641.655
15 15641.793
15 15644.162
15 15654.068
15 15654.282
15 15659.196
15 15660.788
15 15661.040
15 15667.028
16 16561.030
16 16581.193
16 16583.168
16 16586.020
16 16588.709
16 16595.465
16 16595.489
16 16596.165
16 16597.954
16 16613.646
16 16616.980
16 16630.333
16 16632.849
16 16637.323
16 16639.894
16 16644.859
16 16645.581
16 16648.785
16 16649.748
16 16657.362
16 16657.593
16 16661.407
16 16672.246
16 16673.336
16 16673.750
16 16673.834
16 16674.790
16 16676.234
16 16678.197
16 16679.314
17 17578.715
17 17581.697
17 17583.395
17 17584.576
17 17584.817
17 17586.300
17 17588.811
17 17589.424
17 17592.127
17 17598.812
17 17601.853
17 17609.141
17 17618.189
17 17621.704
17 17624.491
17 17629.244
17 17634.523
17 17641.495
17 17645.705
17 17646.607
17 17656.655
17 17659.338
17 17659.652
17 17662.030
17 17666.371
17 17669.616
17 17686.400
17 17687.721
17 17690.692
17 17706.646
18 18575.570
18 18577.326
18 18582.271
18 18584.225
18 18586.278
18 18587.464
18 18588.306
18 18589.284
18 18595.500
18 18596.361
18 18597.431
18 18599.214
18 18600.423
18 18602.589
18 18609.899
18 18616.606
18 18618.842
18 18626.830
18 18637.104
18 18644.591
18 18652.896
18 18653.567
18 18655.804
18 18656.453
18 18659.289
18 18662.024
18 18663.593
18 18664.474
18 18673.195
18 18683.640
19 19582.155
19 19597.880
19 19601.031
19 19602.033
19 19610.158
19 19620.182
19 19627.880
19 19633.523
19 19635.751
19 19646.915
19 19658.890
19 19659.073
19 19668.430
19 19671.867
19 19674.692
19 19686.156
19 19686.906
19 19687.184
19 19687.531
19 19698.052
19 19705.648
19 19716.108
19 19726.759
19 19750.506
19 19759.260
19 19762.235
19 19762.731
19 19787.123
19 19812.095
19 19860.010
20 20559.382
20 20577.406
20 20579.558
20 20580.513
20 20587.110
20 20590.267
20 20591.327
20 20598.848
20 20603.822
20 20610.696
20 20610.957
20 20613.737
20 20615.185
20 20616.968
20 20619.615
20 20620.964
20 20624.650
20 20628.959
20 20631.523
20 20638.860
20 20646.181
20 20646.315
20 20647.803
20 20648.524
20 20655.620
20 20662.910
20 20663.727
20 20685.817
20 20694.291
20 20723.760
21 21581.202
21 21581.921
21 21586.064
21 21588.813
21 21591.500
21 21594.768
21 21595.556
21 21606.127
21 21608.636
21 21620.378
21 21623.515
21 21624.187
21 21631.286
21 21635.936
21 21637.553
21 21641.716
21 21643.490
21 21645.968
21 21648.889
21 21652.435
21 21655.875
21 21658.191
21 21663.969
21 21667.100
21 21671.042
21 21672.214
21 21674.576
21 21676.382
21 21683.236
21 21802.780
22 22595.067
22 22596.938
22 22599.237
22 22622.286
22 22623.003
22 22631.220
22 22654.067
22 22654.194
22 22655.628
22 22664.221
22 22667.873
22 22669.018
22 22674.011
22 22679.915
22 22682.408
22 22688.122
22 22697.778
22 22707.411
22 22708.721
22 22710.974
22 22721.556
22 22725.379
22 22726.333
22 22728.206
22 22747.888
22 22750.348
22 22762.278
22 22763.869
22 22765.127
22 22768.585
23 23583.839
23 23587.469
23 23587.629
23 23588.225
23 23592.081
23 23592.600
23 23593.850
23 23596.707
23 23599.328
23 23602.610
23 23605.427
23 23614.274
23 23625.818
23 23626.223
23 23633.797
23 23647.873
23 23648.930
23 23653.337
23 23655.630
23 23659.719
23 23661.058
23 23663.232
23 23669.138
23 23669.867
23 23674.042
23 23676.283
23 23680.476
23 23684.865
23 23688.236
23 23690.462
24 24569.535
24 24570.033
24 24574.729
24 24578.329
24 24579.355
24 24587.189
24 24588.109
24 24592.628
24 24598.169
24 24599.543
24 24601.264
24 24602.607
24 24624.030
24 24629.697
24 24630.030
24 24633.529
24 24635.051
24 24636.129
24 24636.315
24 24636.458
24 24638.487
24 24640.175
24 24640.866
24 24651.659
24 24653.778
24 24654.585
24 24656.722
24 24657.033
24 24667.113
24 24676.742
25 25589.049
25 25590.900
25 25592.598
25 25597.526
25 25602.234
25 25603.522
25 25604.576
25 25608.504
25 25609.428
25 25610.433
25 25611.916
25 25621.114
25 25621.309
25 25630.983
25 25638.023
25 25639.373
25 25642.389
25 25642.927
25 25643.840
25 25651.548
25 25663.726
25 25665.995
25 25669.453
25 25677.109
25 25677.112
25 25677.677
25 25688.161
25 25690.797
25 25694.236
25 25713.977
26 26588.253
26 26594.152
26 26603.833
26 26614.157
26 26617.064
26 26621.533
26 26632.165
26 26641.383
26 26650.528
26 26650.787
26 26658.962
26 26662.093
26 26683.220
26 26684.910
26 26706.155
26 26710.809
26 26717.645
26 26719.753
26 26727.218
26 26728.397
26 26730.930
26 26735.093
26 26740.905
26 26745.861
26 26752.097
26 26754.836
26 26769.184
26 26788.908
26 26802.067
26 26815.607
27 27577.387
27 27578.576
27 27589.958
27 27592.624
27 27604.222
27 27604.990
27 27607.904
27 27610.297
27 27612.437
27 27618.770
27 27621.280
27 27626.818
27 27627.912
27 27629.542
27 27631.271
27 27632.648
27 27635.517
27 27640.510
27 27651.011
27 27655.647
27 27659.249
27 27659.712
27 27660.729
27 27667.698
27 27672.002
27 27676.632
27 27679.102
27 27679.953
27 27683.353
27 27701.669
28 28574.212
28 28578.538
28 28580.621
28 28581.693
28 28588.381
28 28591.935
28 28592.749
28 28597.083
28 28597.985
28 28600.299
28 28605.970
28 28606.007
28 28607.220
28 28609.019
28 28611.554
28 28613.817
28 28625.774
28 28636.380
28 28639.366
28 28640.796
28 28643.513
28 28650.388
28 28651.024
28 28652.433
28 28657.739
28 28662.911
28 28665.672
28 28675.142
28 28676.315
28 28681.264
29 29557.646
29 29564.859
29 29565.756
29 29595.568
29 29597.511
29 29597.591
29 29600.573
29 29616.296
29 29626.815
29 29629.155
29 29632.416
29 29637.655
29 29651.167
29 29652.178
29 29660.213
29 29668.536
29 29671.792
29 29675.733
29 29684.174
29 29692.781
29 29696.655
29 29701.070
29 29705.659
29 29709.785
29 29720.253
29 29728.144
29 29734.632
29 29744.728
29 29750.666
29 29752.023
30 30586.435
30 30588.933
30 30590.381
30 30597.224
30 30599.460
30 30600.431
30 30602.303
30 30606.168
30 30611.244
30 30617.832
30 30618.845
30 30625.033
30 30629.811
30 30632.973
30 30633.623
30 30640.744
30 30641.249
30 30641.820
30 30652.794
30 30654.783
30 30656.185
30 30657.397
30 30658.151
30 30658.232
30 30659.083
30 30660.254
30 30673.722
30 30681.772
30 30695.003
30 30699.171
