0 11.132
0 11.218
0 11.319
0 11.319
0 11.320
0 11.320
0 11.320
0 11.320
0 11.320
0 11.320
0 11.737
0 11.948
0 11.949
0 11.949
0 12.064
0 12.289
0 12.290
0 12.290
0 12.290
0 12.290
0 12.290
0 12.290
0 12.290
0 12.290
0 12.290
0 12.329
0 13.039
0 13.673
0 13.697
0 13.966
1 1038.497
1 1040.508
1 1041.969
1 1044.593
1 1047.319
1 1047.508
1 1047.652
1 1047.671
1 1047.884
1 1048.083
1 1048.167
1 1048.768
1 1049.684
1 1050.031
1 1050.711
1 1051.940
1 1051.953
1 1052.314
1 1052.721
1 1052.954
1 1053.234
1 1054.737
1 1056.162
1 1057.078
1 1059.096
1 1059.516
1 1060.037
1 1062.771
1 1068.356
1 1090.155
2 2056.199
2 2056.551
2 2056.599
2 2056.732
2 2057.121
2 2057.492
2 2057.640
2 2058.630
2 2058.722
2 2059.112
2 2059.958
2 2060.140
2 2060.486
2 2060.583
2 2061.353
2 2064.248
2 2064.797
2 2065.761
2 2066.019
2 2069.061
2 2069.098
2 2069.148
2 2071.105
2 2074.074
2 2077.004
2 2078.242
2 2078.992
2 2084.395
2 2085.114
2 2090.164
3 3042.408
3 3045.447
3 3046.345
3 3047.929
3 3048.693
3 3049.304
3 3050.549
3 3050.615
3 3051.619
3 3052.643
3 3052.934
3 3056.412
3 3057.144
3 3057.418
3 3057.833
3 3059.720
3 3061.934
3 3063.022
3 3070.554
3 3070.583
3 3071.450
3 3076.288
3 3077.591
3 3078.020
3 3082.033
3 3088.040
3 3088.117
3 3088.932
3 3093.272
3 3113.693
4 4061.245
4 4065.405
4 4069.240
4 4070.925
4 4072.301
4 4076.061
4 4076.288
4 4076.491
4 4078.172
4 4078.710
4 4079.030
4 4080.128
4 4081.906
4 4082.017
4 4082.543
4 4084.050
4 4085.571
4 4087.879
4 4089.415
4 4091.186
4 4092.292
4 4096.871
4 4097.051
4 4097.984
4 4100.974
4 4111.318
4 4113.709
4 4126.544
4 4129.442
4 4129.556
5 5058.078
5 5062.278
5 5063.576
5 5064.058
5 5064.947
5 5065.670
5 5066.154
5 5066.246
5 5066.756
5 5068.585
5 5071.274
5 5072.295
5 5083.180
5 5084.023
5 5091.188
5 5092.291
5 5094.217
5 5097.825
5 5098.016
5 5098.718
5 5100.700
5 5105.475
5 5107.929
5 5109.289
5 5112.500
5 5115.621
5 5122.207
5 5123.214
5 5128.357
5 5223.061
6 6066.033
6 6070.839
6 6070.904
6 6071.481
6 6073.107
6 6074.105
6 6074.605
6 6076.471
6 6076.940
6 6077.558
6 6080.093
6 6081.886
6 6091.087
6 6095.159
6 6096.088
6 6103.984
6 6104.734
6 6105.044
6 6106.020
6 6107.603
6 6107.767
6 6108.407
6 6113.259
6 6114.375
6 6114.930
6 6116.349
6 6121.398
6 6126.035
6 6135.610
6 6146.451
7 7051.254
7 7052.735
7 7053.498
7 7054.661
7 7055.033
7 7056.483
7 7061.451
7 7061.542
7 7068.213
7 7074.041
7 7078.993
7 7079.244
7 7082.678
7 7085.482
7 7091.594
7 7095.068
7 7101.036
7 7101.882
7 7103.392
7 7103.688
7 7104.448
7 7105.825
7 7106.059
7 7109.740
7 7111.345
7 7113.753
7 7114.508
7 7116.067
7 7117.644
7 7151.649
8 8068.636
8 8073.981
8 8104.026
8 8104.721
8 8107.623
8 8114.229
8 8127.940
8 8128.105
8 8129.252
8 8129.648
8 8141.706
8 8141.950
8 8142.225
8 8142.853
8 8143.288
8 8146.588
8 8147.610
8 8147.729
8 8149.399
8 8152.243
8 8153.469
8 8163.899
8 8167.536
8 8167.900
8 8182.591
8 8185.980
8 8188.784
8 8192.032
8 8202.831
8 8207.373
9 9065.842
9 9075.487
9 9077.973
9 9081.986
9 9082.357
9 9084.504
9 9090.219
9 9090.341
9 9092.423
9 9093.476
9 9095.004
9 9096.383
9 9097.828
9 9106.280
9 9112.844
9 9112.923
9 9115.197
9 9120.038
9 9120.931
9 9123.105
9 9124.314
9 9124.730
9 9129.141
9 9129.991
9 9137.650
9 9138.834
9 9150.825
9 9151.856
9 9156.080
9 9160.192
10 10070.917
10 10084.933
10 10088.005
10 10088.032
10 10088.478
10 10093.148
10 10094.127
10 10096.093
10 10099.001
10 10102.820
10 10104.670
10 10105.806
10 10108.610
10 10110.506
10 10110.929
10 10114.552
10 10115.058
10 10115.204
10 10116.314
10 10119.722
10 10123.114
10 10123.540
10 10131.397
10 10131.707
10 10132.234
10 10134.599
10 10137.294
10 10138.625
10 10141.958
10 10151.880
11 11057.853
11 11063.477
11 11064.759
11 11065.803
11 11072.867
11 11078.566
11 11082.360
11 11087.020
11 11089.532
11 11091.552
11 11108.514
11 11110.236
11 11110.791
11 11118.681
11 11118.684
11 11120.582
11 11124.396
11 11125.618
11 11127.677
11 11133.490
11 11137.661
11 11138.845
11 11142.779
11 11143.229
11 11148.617
11 11150.989
11 11152.965
11 11153.762
11 11161.365
11 11209.918
12 12053.359
12 12058.177
12 12064.112
12 12069.364
12 12078.386
12 12083.557
12 12088.825
12 12092.785
12 12099.748
12 12102.911
12 12106.018
12 12106.159
12 12107.530
12 12107.815
12 12110.049
12 12111.497
12 12114.049
12 12116.919
12 12118.305
12 12118.393
12 12119.268
12 12125.878
12 12128.689
12 12128.696
12 12129.508
12 12133.458
12 12134.871
12 12150.779
12 12166.850
12 12170.408
13 13075.060
13 13091.318
13 13092.468
13 13097.623
13 13098.123
13 13101.921
13 13114.387
13 13115.450
13 13115.562
13 13120.172
13 13121.368
13 13124.730
13 13126.717
13 13132.714
13 13134.419
13 13136.568
13 13144.314
13 13146.209
13 13149.440
13 13149.721
13 13150.147
13 13152.870
13 13156.153
13 13157.254
13 13161.089
13 13162.943
13 13176.301
13 13179.759
13 13184.409
13 13191.387
14 14076.244
14 14078.097
14 14083.980
14 14085.907
14 14086.675
14 14087.575
14 14093.662
14 14095.495
14 14097.162
14 14102.519
14 14110.561
14 14110.843
14 14111.434
14 14116.053
14 14117.639
14 14117.692
14 14118.548
14 14119.141
14 14123.924
14 14131.298
14 14135.710
14 14136.578
14 14152.019
14 14156.601
14 14160.484
14 14166.110
14 14166.169
14 14173.444
14 14202.288
14 14211.963
15 15041.176
15 15041.390
15 15045.213
15 15047.484
15 15049.917
15 15058.327
15 15059.891
15 15063.936
15 15068.668
15 15070.523
15 15070.866
15 15084.092
15 15086.704
15 15093.422
15 15098.600
15 15106.754
15 15118.595
15 15120.746
15 15140.720
15 15149.169
15 15149.639
15 15152.726
15 15161.742
15 15168.340
15 15169.299
15 15181.395
15 15188.966
15 15215.149
15 15232.275
15 15239.632
16 16053.489
16 16055.299
16 16056.794
16 16059.432
16 16060.630
16 16061.386
16 16061.555
16 16064.638
16 16066.256
16 16067.508
16 16068.339
16 16081.031
16 16086.493
16 16090.062
16 16093.292
16 16098.893
16 16098.969
16 16100.736
16 16104.965
16 16129.375
16 16134.460
16 16135.299
16 16172.047
16 16176.702
16 16177.735
16 16181.625
16 16184.485
16 16186.706
16 16194.523
16 16212.078
17 17079.600
17 17080.195
17 17081.968
17 17084.076
17 17087.549
17 17092.283
17 17095.689
17 17096.854
17 17098.291
17 17098.544
17 17101.610
17 17105.346
17 17105.795
17 17108.269
17 17108.779
17 17111.068
17 17121.070
17 17122.565
17 17123.838
17 17124.061
17 17124.077
17 17124.945
17 17130.747
17 17135.815
17 17154.631
17 17163.641
17 17176.945
17 17177.914
17 17184.346
17 17214.310
18 18077.189
18 18078.315
18 18085.207
18 18086.739
18 18087.300
18 18093.419
18 18097.467
18 18105.796
18 18106.854
18 18108.339
18 18109.042
18 18110.951
18 18111.466
18 18114.782
18 18129.440
18 18130.082
18 18139.519
18 18141.353
18 18145.053
18 18146.088
18 18155.114
18 18168.726
18 18169.060
18 18171.475
18 18179.251
18 18188.592
18 18204.947
18 18218.605
18 18252.199
18 18261.757
19 19052.930
19 19052.998
19 19054.794
19 19056.053
19 19058.619
19 19064.562
19 19066.084
19 19070.369
19 19075.747
19 19077.449
19 19079.892
19 19081.172
19 19085.799
19 19086.733
19 19089.414
19 19090.028
19 19102.443
19 19104.320
19 19105.776
19 19107.341
19 19115.959
19 19118.005
19 19122.484
19 19127.171
19 19131.091
19 19136.130
19 19136.408
19 19138.590
19 19152.187
19 19169.446
20 20052.029
20 20056.806
20 20066.525
20 20069.334
20 20074.804
20 20075.812
20 20079.554
20 20079.601
20 20088.778
20 20089.443
20 20091.955
20 20094.233
20 20103.191
20 20105.937
20 20110.428
20 20114.215
20 20118.056
20 20121.445
20 20127.119
20 20133.460
20 20136.750
20 20139.196
20 20145.356
20 20151.632
20 20152.127
20 20157.845
20 20159.699
20 20171.112
20 20171.860
20 20195.510
21 21063.593
21 21065.218
21 21066.309
21 21066.446
21 21071.378
21 21071.621
21 21075.734
21 21094.614
21 21100.224
21 21100.324
21 21108.528
21 21108.968
21 21115.467
21 21115.694
21 21117.624
21 21118.324
21 21119.051
21 21120.151
21 21125.688
21 21132.268
21 21133.065
21 21142.593
21 21145.174
21 21147.444
21 21152.710
21 21152.819
21 21159.988
21 21168.395
21 21199.971
21 21270.195
22 22067.876
22 22085.437
22 22087.520
22 22090.672
22 22095.501
22 22097.052
22 22098.020
22 22098.501
22 22107.650
22 22118.246
22 22122.691
22 22125.411
22 22125.521
22 22127.257
22 22131.148
22 22151.877
22 22152.949
22 22155.288
22 22166.043
22 22169.238
22 22170.387
22 22170.430
22 22175.385
22 22189.196
22 22195.391
22 22204.023
22 22205.014
22 22240.390
22 22242.784
22 22249.991
23 23081.579
23 23088.182
23 23089.238
23 23093.523
23 23096.074
23 23099.055
23 23099.992
23 23101.410
23 23101.774
23 23106.855
23 23109.667
23 23114.718
23 23117.147
23 23125.493
23 23131.672
23 23132.034
23 23132.311
23 23134.347
23 23135.074
23 23136.487
23 23138.736
23 23143.785
23 23144.252
23 23146.598
23 23152.897
23 23158.716
23 23161.426
23 23164.473
23 23167.120
23 23216.301
24 24061.770
24 24063.384
24 24073.162
24 24073.700
24 24076.879
24 24079.411
24 24080.639
24 24088.748
24 24091.996
24 24095.212
24 24102.680
24 24103.669
24 24109.672
24 24122.614
24 24131.240
24 24144.426
24 24144.687
24 24150.880
24 24167.158
24 24168.228
24 24169.117
24 24172.443
24 24178.421
24 24180.832
24 24185.690
24 24201.335
24 24201.513
24 24203.178
24 24203.796
24 24235.292
25 25069.075
25 25074.023
25 25074.531
25 25076.320
25 25077.359
25 25078.734
25 25082.841
25 25083.221
25 25085.117
25 25089.052
25 25091.353
25 25094.665
25 25096.917
25 25100.754
25 25104.226
25 25109.163
25 25111.173
25 25111.215
25 25120.153
25 25123.535
25 25128.239
25 25128.970
25 25133.914
25 25136.185
25 25137.740
25 25138.656
25 25143.903
25 25150.645
25 25196.737
25 25731.856
26 26080.817
26 26083.346
26 26083.479
26 26096.835
26 26097.518
26 26102.776
26 26103.368
26 26105.999
26 26108.454
26 26117.520
26 26119.509
26 26120.460
26 26121.019
26 26121.464
26 26125.211
26 26130.477
26 26135.535
26 26139.205
26 26142.065
26 26151.990
26 26165.584
26 26166.358
26 26167.730
26 26168.598
26 26172.832
26 26176.272
26 26189.053
26 26193.205
26 26200.068
26 26228.799
27 27085.331
27 27092.961
27 27093.622
27 27097.673
27 27100.622
27 27101.127
27 27104.691
27 27106.170
27 27107.455
27 27110.344
27 27114.969
27 27116.680
27 27119.949
27 27120.624
27 27120.891
27 27122.475
27 27123.071
27 27124.528
27 27133.525
27 27137.599
27 27138.101
27 27144.768
27 27145.348
27 27146.209
27 27161.283
27 27163.878
27 27166.006
27 27167.399
27 27194.694
27 27199.152
28 28060.891
28 28066.970
28 28070.217
28 28074.471
28 28075.052
28 28084.853
28 28088.093
28 28092.733
28 28096.207
28 28097.990
28 28103.904
28 28110.954
28 28114.673
28 28119.453
28 28122.746
28 28127.317
28 28137.515
28 28140.755
28 28142.800
28 28155.059
28 28156.563
28 28159.207
28 28159.775
28 28162.214
28 28162.668
28 28170.945
28 28171.847
28 28201.675
28 28208.823
28 28244.029
29 29068.862
29 29081.653
29 29083.237
29 29089.674
29 29090.864
29 29120.580
29 29128.756
29 29143.197
29 29146.336
29 29167.022
29 29173.092
29 29176.011
29 29207.223
29 29207.964
29 29216.332
29 29228.831
29 29230.764
29 29234.636
29 29236.951
29 29270.697
29 29277.647
29 29281.205
29 29282.659
29 29283.788
29 29296.379
29 29304.522
29 29310.094
29 29355.100
29 29392.813
29 29398.092
30 30065.319
30 30071.932
30 30077.938
30 30086.187
30 30088.618
30 30090.613
30 30092.497
30 30100.168
30 30104.863
30 30106.742
30 30108.746
30 30111.213
30 30114.302
30 30121.717
30 30129.918
30 30130.253
30 30138.931
30 30141.417
30 30146.152
30 30148.517
30 30158.778
30 30161.298
30 30167.867
30 30170.091
30 30173.581
30 30177.366
30 30179.969
30 30181.257
30 30187.661
30 30197.267
