0 4134.045
0 4228.349
0 4721.161
0 4852.794
0 4884.587
0 5092.469
0 5103.433
0 5195.766
0 5202.659
0 5206.951
0 5262.166
0 5266.207
0 5268.978
0 5271.638
0 5320.340
0 5380.438
0 5439.269
0 5474.171
0 5482.846
0 5506.317
0 5547.618
0 5558.751
0 5606.649
0 5627.141
0 5650.890
0 5665.329
0 5667.517
0 5764.883
0 5832.780
0 5892.656
1 4787.811
1 4803.667
1 4843.065
1 4910.038
1 5090.972
1 5339.689
1 5344.588
1 5384.779
1 5535.353
1 5536.448
1 5587.991
1 5624.649
1 5679.335
1 5681.120
1 5701.867
1 5714.199
1 5722.235
1 5726.119
1 5735.057
1 5744.067
1 5807.215
1 5812.296
1 5842.814
1 5876.895
1 5957.074
1 6009.304
1 6038.626
1 6229.518
1 6539.663
1 6698.671
2 5115.067
2 5188.669
2 5226.650
2 5332.658
2 5358.597
2 5401.169
2 5438.900
2 5459.901
2 5471.033
2 5497.540
2 5518.488
2 5518.665
2 5521.015
2 5522.998
2 5550.655
2 5581.688
2 5598.294
2 5625.425
2 5630.079
2 5640.127
2 5642.290
2 5645.303
2 5651.456
2 5681.333
2 5684.366
2 5690.287
2 5753.225
2 5774.204
2 5779.039
2 5798.763
3 5571.656
3 5612.639
3 5626.703
3 5636.804
3 5639.853
3 5660.496
3 5663.739
3 5666.813
3 5670.519
3 5687.716
3 5703.502
3 5711.333
3 5740.723
3 5750.060
3 5759.106
3 5770.916
3 5780.020
3 5803.678
3 5818.838
3 5820.784
3 5820.866
3 5827.148
3 5832.507
3 5862.730
3 5893.984
3 5896.087
3 5903.677
3 5953.321
3 5953.462
3 5976.918
4 6526.857
4 6527.039
4 6595.519
4 6697.128
4 6893.362
4 6950.827
4 7089.321
4 7126.396
4 7153.485
4 7177.771
4 7218.660
4 7226.134
4 7230.799
4 7240.216
4 7276.291
4 7291.739
4 7297.283
4 7302.460
4 7309.165
4 7328.553
4 7333.206
4 7379.508
4 7423.128
4 7446.353
4 7448.656
4 7485.420
4 7488.216
4 7522.909
4 7529.885
4 7564.454
5 7282.085
5 7314.543
5 7343.530
5 7379.101
5 7385.325
5 7409.491
5 7430.169
5 7689.716
5 7696.226
5 7785.636
5 7803.605
5 7828.834
5 7856.600
5 7883.663
5 7900.248
5 7922.069
5 7927.855
5 7932.923
5 7945.859
5 7950.736
5 7961.670
5 7963.437
5 7980.978
5 7992.601
5 7996.871
5 8010.018
5 8045.145
5 8048.343
5 8070.662
5 8088.195
6 8205.318
6 8307.371
6 8326.439
6 8376.284
6 8390.653
6 8413.176
6 8436.200
6 8452.519
6 8469.085
6 8483.080
6 8483.484
6 8499.688
6 8501.708
6 8503.805
6 8536.628
6 8555.327
6 8569.463
6 8579.106
6 8579.478
6 8604.694
6 8609.513
6 8609.946
6 8645.451
6 8674.661
6 8719.822
6 8723.063
6 8729.680
6 8782.193
6 8804.353
6 9243.159
7 9194.914
7 9208.947
7 9228.944
7 9234.159
7 9236.542
7 9245.810
7 9277.824
7 9298.858
7 9305.239
7 9307.582
7 9308.720
7 9315.964
7 9328.881
7 9329.579
7 9334.308
7 9335.077
7 9339.617
7 9354.816
7 9366.413
7 9375.011
7 9382.873
7 9382.965
7 9387.670
7 9419.870
7 9427.304
7 9448.803
7 9454.178
7 9469.765
7 9473.408
7 9526.553
8 9980.899
8 10014.444
8 10028.035
8 10028.884
8 10031.848
8 10046.905
8 10050.305
8 10056.536
8 10068.030
8 10069.542
8 10077.509
8 10081.953
8 10090.290
8 10099.348
8 10101.765
8 10129.714
8 10130.641
8 10146.437
8 10147.936
8 10148.672
8 10157.967
8 10160.107
8 10160.888
8 10191.223
8 10196.826
8 10204.249
8 10205.809
8 10218.220
8 10224.874
8 10386.341
9 10620.109
9 10777.142
9 10850.124
9 10855.445
9 10866.376
9 10876.876
9 10888.352
9 10896.817
9 10901.071
9 10905.205
9 10913.347
9 10914.779
9 10916.142
9 10932.227
9 10937.379
9 10945.209
9 10952.101
9 10953.608
9 10954.797
9 10957.374
9 10967.662
9 10968.595
9 10968.978
9 10972.485
9 10987.971
9 10994.726
9 11021.260
9 11035.698
9 11072.334
9 11155.987
10 11344.044
10 11346.801
10 11371.087
10 11391.832
10 11404.525
10 11410.829
10 11504.529
10 11520.887
10 11534.220
10 11577.805
10 11578.588
10 11590.527
10 11598.350
10 11605.916
10 11613.031
10 11618.708
10 11628.738
10 11645.312
10 11649.028
10 11651.888
10 11657.609
10 11695.160
10 11695.653
10 11699.403
10 11699.492
10 11713.730
10 11719.525
10 11720.486
10 11761.361
10 11870.398
11 12174.226
11 12175.228
11 12177.870
11 12196.574
11 12213.803
11 12232.919
11 12248.411
11 12255.345
11 12256.048
11 12274.547
11 12276.421
11 12280.074
11 12282.452
11 12296.889
11 12303.809
11 12308.151
11 12320.449
11 12327.740
11 12330.190
11 12330.672
11 12333.716
11 12338.319
11 12357.240
11 12370.565
11 12397.376
11 12398.628
11 12402.853
11 12432.121
11 12490.967
11 12500.856
12 12937.511
12 12942.497
12 12986.549
12 12989.611
12 12990.239
12 13012.557
12 13015.234
12 13029.213
12 13037.433
12 13051.248
12 13066.010
12 13078.217
12 13080.344
12 13091.755
12 13095.208
12 13100.575
12 13106.277
12 13131.460
12 13195.301
12 13217.189
12 13240.727
12 13248.329
12 13258.899
12 13261.060
12 13384.240
12 13389.702
12 13433.701
12 13514.904
12 13708.781
12 14068.811
13 13784.536
13 13833.712
13 13838.246
13 13839.528
13 13855.245
13 13872.732
13 13880.122
13 13897.421
13 13899.060
13 13929.730
13 13938.692
13 13945.720
13 13946.161
13 13950.001
13 13958.487
13 13967.974
13 14040.032
13 14111.305
13 14124.648
13 14254.197
13 14282.910
13 14401.639
13 14444.402
13 14545.208
13 14552.091
13 14664.549
13 14768.085
13 14857.846
13 15254.885
13 15425.977
14 14775.950
14 14777.295
14 14777.815
14 14778.736
14 14780.898
14 14793.372
14 14797.149
14 14800.740
14 14815.348
14 14822.155
14 14826.411
14 14827.274
14 14840.639
14 14842.098
14 14842.698
14 14844.463
14 14846.325
14 14852.298
14 14853.621
14 14865.999
14 14880.240
14 14903.439
14 14959.865
14 14970.328
14 14972.953
14 14980.366
14 14988.129
14 15017.053
14 15216.756
14 15235.655
15 15658.689
15 15665.047
15 15666.816
15 15675.643
15 15684.622
15 15684.676
15 15686.505
15 15689.774
15 15689.811
15 15702.114
15 15704.299
15 15704.957
15 15712.522
15 15712.590
15 15712.657
15 15719.410
15 15720.918
15 15722.874
15 15722.907
15 15733.966
15 15734.411
15 15734.744
15 15735.216
15 15735.543
15 15736.663
15 15736.960
15 15742.482
15 15746.600
15 15764.608
15 15787.321
16 16700.694
16 16705.021
16 16710.032
16 16711.475
16 16713.288
16 16719.156
16 16722.298
16 16724.341
16 16730.838
16 16730.848
16 16734.060
16 16736.006
16 16740.168
16 16743.546
16 16745.218
16 16745.820
16 16751.914
16 16752.161
16 16755.090
16 16766.081
16 16767.935
16 16777.495
16 16777.565
16 16873.044
16 16877.170
16 16918.598
16 16993.460
16 17125.587
16 17130.481
16 17284.231
17 17703.829
17 17704.614
17 17710.440
17 17720.114
17 17720.847
17 17725.923
17 17735.661
17 17736.356
17 17747.817
17 17751.162
17 17752.302
17 17757.383
17 17763.032
17 17769.185
17 17775.548
17 17786.893
17 17787.423
17 17787.713
17 17790.249
17 17790.945
17 17797.873
17 17799.785
17 17800.167
17 17853.761
17 17921.359
17 17963.791
17 18096.285
17 18235.547
17 18627.181
17 18632.013
18 18700.301
18 18700.817
18 18709.789
18 18713.491
18 18715.459
18 18717.127
18 18718.811
18 18721.207
18 18722.636
18 18724.440
18 18728.562
18 18730.862
18 18732.952
18 18738.187
18 18739.222
18 18744.359
18 18750.581
18 18755.220
18 18758.746
18 18760.895
18 18766.286
18 18768.558
18 18769.842
18 18776.373
18 18789.930
18 18810.251
18 18813.697
18 18816.771
18 18853.669
18 18979.143
19 19672.058
19 19675.177
19 19687.697
19 19707.256
19 19708.392
19 19711.170
19 19712.441
19 19719.005
19 19721.225
19 19727.502
19 19729.663
19 19731.276
19 19733.279
19 19739.589
19 19744.150
19 19744.288
19 19744.644
19 19746.124
19 19750.879
19 19756.572
19 19764.728
19 19773.995
19 19901.646
19 19921.262
19 19926.919
19 19963.276
19 19971.432
19 20005.285
19 20094.797
19 20288.772
20 20708.789
20 20713.190
20 20713.555
20 20714.519
20 20715.640
20 20720.873
20 20722.568
20 20724.273
20 20729.290
20 20732.646
20 20737.836
20 20740.232
20 20741.849
20 20741.914
20 20747.814
20 20749.897
20 20752.314
20 20757.235
20 20758.881
20 20759.778
20 20760.244
20 20762.057
20 20764.147
20 20765.914
20 20795.139
20 20833.587
20 20897.893
20 20906.753
20 20946.951
20 21075.867
21 21699.092
21 21699.828
21 21704.677
21 21705.142
21 21707.950
21 21708.311
21 21714.089
21 21715.531
21 21716.783
21 21717.274
21 21717.493
21 21719.273
21 21720.773
21 21721.236
21 21723.757
21 21724.028
21 21731.536
21 21731.669
21 21733.934
21 21734.629
21 21735.662
21 21736.342
21 21737.456
21 21740.717
21 21741.143
21 21756.285
21 21836.755
21 21840.882
21 22000.682
21 22138.116
22 22700.061
22 22701.125
22 22719.862
22 22732.590
22 22737.945
22 22739.232
22 22751.829
22 22754.644
22 22759.430
22 22759.775
22 22766.324
22 22772.431
22 22772.763
22 22774.572
22 22775.209
22 22782.167
22 22782.504
22 22785.845
22 22791.319
22 22801.983
22 22807.427
22 22821.354
22 22870.333
22 22922.393
22 22925.981
22 22964.256
22 23051.367
22 23326.402
22 23437.960
22 23639.681
23 23697.095
23 23697.287
23 23707.737
23 23708.781
23 23710.604
23 23711.518
23 23715.785
23 23716.196
23 23722.933
23 23722.944
23 23729.818
23 23735.598
23 23740.930
23 23743.101
23 23749.338
23 23751.230
23 23757.745
23 23759.501
23 23766.633
23 23768.203
23 23768.623
23 23782.896
23 24073.399
23 24152.436
23 24165.862
23 24205.341
23 24261.516
23 24357.380
23 24380.063
23 24525.790
24 24635.550
24 24644.231
24 24646.904
24 24654.320
24 24657.185
24 24667.021
24 24671.826
24 24683.702
24 24691.304
24 24719.311
24 24748.409
24 24768.088
24 24792.311
24 24807.041
24 24828.298
24 24840.291
24 24965.051
24 24972.885
24 25043.040
24 25131.993
24 25182.771
24 25288.239
24 25341.867
24 25492.186
24 25514.845
24 25627.064
24 25674.124
24 25743.233
24 25764.039
24 25881.706
25 25640.835
25 25650.590
25 25657.726
25 25658.272
25 25658.349
25 25658.787
25 25661.400
25 25665.736
25 25665.850
25 25669.915
25 25681.694
25 25684.456
25 25687.502
25 25694.077
25 25694.722
25 25709.745
25 25710.652
25 25724.772
25 25741.610
25 25782.976
25 25797.585
25 25818.383
25 26005.229
25 26071.513
25 26092.927
25 26457.375
25 26509.535
25 26579.345
25 26737.981
25 27028.297
26 26658.953
26 26667.362
26 26676.822
26 26686.755
26 26687.471
26 26694.573
26 26696.540
26 26700.738
26 26709.808
26 26711.675
26 26716.950
26 26722.704
26 26724.083
26 26724.874
26 26737.012
26 26737.035
26 26742.844
26 26762.910
26 26797.702
26 26803.318
26 26804.657
26 26832.609
26 26975.438
26 27010.053
26 27023.841
26 27074.367
26 27136.271
26 27209.064
26 27219.202
26 27394.125
27 27694.333
27 27699.483
27 27700.490
27 27707.462
27 27709.251
27 27709.264
27 27721.822
27 27725.618
27 27727.942
27 27728.002
27 27734.759
27 27736.140
27 27737.184
27 27738.270
27 27739.343
27 27740.223
27 27742.546
27 27774.776
27 27787.954
27 27833.948
27 27846.160
27 27871.358
27 27998.786
27 28001.095
27 28065.069
27 28098.012
27 28138.345
27 28371.706
27 28553.267
27 28646.791
28 28650.502
28 28651.212
28 28656.981
28 28658.418
28 28660.284
28 28661.339
28 28668.900
28 28672.950
28 28676.553
28 28678.129
28 28681.442
28 28682.998
28 28684.385
28 28693.214
28 28697.868
28 28705.302
28 28708.761
28 28708.875
28 28714.715
28 28716.512
28 28732.797
28 28739.476
28 28741.014
28 28766.430
28 28773.653
28 28795.745
28 28802.552
28 28819.322
28 28819.635
28 28834.130
29 29683.633
29 29684.202
29 29691.238
29 29693.966
29 29702.369
29 29709.908
29 29716.135
29 29730.626
29 29732.871
29 29737.644
29 29740.940
29 29750.123
29 29773.794
29 29831.717
29 29836.045
29 29856.622
29 29874.441
29 29969.324
29 29971.773
29 29973.330
29 29979.257
29 29994.230
29 30128.034
29 30210.876
29 30278.056
29 30321.232
29 30608.536
29 30784.188
29 30904.407
29 30988.980
30 30656.578
30 30663.479
30 30666.626
30 30667.753
30 30670.689
30 30670.947
30 30676.297
30 30678.767
30 30682.273
30 30683.756
30 30687.909
30 30697.536
30 30698.592
30 30699.998
30 30702.155
30 30708.567
30 30714.467
30 30718.417
30 30732.687
30 30734.964
30 30741.099
30 30744.649
30 30744.830
30 30781.906
30 30828.784
30 30872.913
30 30874.835
30 31101.378
30 31191.379
30 31205.178
