1 15.350
1 16.057
1 16.058
1 16.058
1 16.058
1 16.315
1 16.373
1 16.511
1 16.790
1 16.822
1 16.949
1 16.949
1 16.949
1 16.949
1 16.950
1 16.950
1 16.950
1 16.950
1 16.950
1 16.950
1 17.434
1 17.434
1 17.440
1 17.474
1 17.699
1 17.706
1 17.714
1 17.780
1 18.191
1 18.881
2 15.757
2 15.785
2 15.815
2 16.057
2 16.057
2 16.057
2 16.057
2 16.057
2 16.058
2 16.058
2 16.058
2 16.058
2 16.058
2 16.058
2 16.059
2 16.102
2 16.151
2 16.327
2 16.336
2 16.348
2 16.383
2 16.418
2 16.801
2 16.926
2 16.950
2 17.113
2 17.283
2 17.528
2 18.688
2 20.709
3 16.006
3 16.037
3 16.147
3 16.302
3 16.312
3 16.355
3 16.389
3 16.439
3 16.483
3 16.495
3 16.499
3 16.643
3 16.653
3 16.678
3 16.705
3 16.814
3 16.862
3 16.955
3 17.005
3 17.100
3 17.266
3 17.284
3 17.391
3 17.489
3 17.612
3 17.859
3 18.031
3 18.353
3 19.082
3 19.278
4 26.439
4 27.140
4 27.263
4 27.327
4 27.486
4 27.639
4 27.851
4 27.922
4 28.061
4 28.065
4 28.072
4 28.077
4 28.443
4 28.854
4 28.940
4 43.683
4 45.494
4 47.091
4 47.856
4 47.935
4 48.029
4 52.620
4 53.436
4 74.310
4 76.390
4 84.902
4 87.014
4 99.936
4 108.000
4 147.807
5 38.830
5 38.992
5 39.730
5 43.398
5 44.044
5 47.869
5 48.801
5 50.900
5 54.140
5 75.866
5 75.949
5 78.245
5 84.276
5 88.159
5 98.843
5 101.610
5 102.807
5 105.682
5 110.794
5 112.102
5 113.590
5 115.426
5 117.355
5 118.589
5 120.131
5 130.241
5 143.710
5 145.592
5 154.610
5 173.746
6 72.187
6 74.194
6 74.644
6 74.920
6 77.349
6 82.827
6 88.168
6 95.937
6 96.650
6 96.946
6 97.315
6 100.787
6 102.335
6 102.680
6 103.172
6 104.557
6 105.886
6 107.501
6 109.502
6 118.133
6 120.807
6 124.293
6 125.006
6 129.644
6 136.126
6 138.041
6 140.021
6 145.487
6 155.980
6 169.035
7 136.376
7 147.524
7 162.639
7 164.522
7 165.668
7 167.711
7 168.349
7 171.016
7 171.065
7 171.449
7 171.627
7 171.806
7 173.496
7 174.979
7 175.712
7 175.919
7 181.573
7 183.752
7 184.746
7 194.428
7 197.514
7 198.020
7 201.493
7 207.071
7 217.278
7 227.601
7 238.189
7 239.052
7 301.431
7 304.798
8 252.115
8 272.678
8 289.277
8 289.676
8 305.310
8 305.648
8 320.278
8 327.710
8 331.604
8 347.609
8 354.975
8 360.840
8 364.835
8 367.534
8 368.943
8 370.622
8 373.455
8 374.115
8 375.818
8 378.032
8 379.061
8 381.158
8 382.758
8 383.757
8 391.215
8 400.567
8 406.206
8 420.484
8 423.413
8 442.144
10 244.497
10 270.972
10 280.645
10 299.119
10 299.630
10 308.879
10 312.089
10 313.872
10 317.863
10 317.962
10 327.764
10 330.681
10 332.513
10 334.243
10 347.496
10 353.462
10 355.249
10 361.043
10 363.356
10 369.210
10 373.442
10 384.104
10 390.111
10 394.973
10 396.395
10 400.512
10 411.479
10 415.802
10 420.921
10 444.415
12 462.162
12 501.709
12 503.996
12 507.973
12 517.211
12 517.950
12 522.478
12 525.248
12 530.006
12 531.888
12 532.240
12 534.468
12 535.063
12 535.783
12 536.834
12 538.272
12 543.059
12 545.161
12 545.281
12 545.748
12 548.854
12 551.471
12 551.944
12 553.008
12 553.467
12 554.312
12 554.711
12 558.087
12 558.241
12 558.492
14 540.165
14 545.592
14 550.980
14 563.488
14 566.995
14 583.615
14 603.140
14 605.539
14 608.230
14 615.417
14 617.772
14 619.863
14 620.302
14 621.093
14 624.765
14 627.396
14 627.652
14 630.580
14 632.623
14 640.215
14 643.498
14 644.076
14 644.384
14 644.928
14 645.344
14 648.292
14 654.303
14 655.472
14 662.294
14 666.859
16 627.339
16 654.777
16 662.992
16 683.618
16 693.629
16 699.136
16 700.814
16 705.438
16 705.485
16 711.960
16 713.433
16 715.153
16 715.247
16 723.198
16 726.987
16 736.545
16 738.807
16 742.165
16 745.925
16 748.894
16 749.679
16 757.013
16 760.295
16 762.902
16 778.029
16 783.408
16 783.659
16 784.915
16 804.630
16 845.910
20 1019.804
20 1022.523
20 1032.502
20 1056.558
20 1063.187
20 1068.578
20 1071.999
20 1072.842
20 1075.710
20 1076.558
20 1076.813
20 1078.426
20 1080.054
20 1080.670
20 1082.206
20 1082.804
20 1084.173
20 1086.459
20 1094.506
20 1095.093
20 1095.512
20 1095.972
20 1097.933
20 1100.467
20 1113.635
20 1115.328
20 1124.505
20 1141.120
20 1145.632
20 1199.084
24 1117.853
24 1169.418
24 1170.292
24 1176.830
24 1179.509
24 1180.533
24 1181.869
24 1186.427
24 1186.510
24 1190.137
24 1191.495
24 1192.490
24 1197.473
24 1198.267
24 1198.994
24 1200.694
24 1204.363
24 1207.160
24 1211.423
24 1212.381
24 1212.839
24 1213.597
24 1215.998
24 1217.655
24 1222.730
24 1223.195
24 1224.262
24 1228.567
24 1248.089
24 1253.618
28 1242.870
28 1266.044
28 1279.782
28 1281.698
28 1293.612
28 1297.424
28 1298.699
28 1301.086
28 1308.754
28 1312.450
28 1317.025
28 1326.709
28 1334.714
28 1340.848
28 1345.511
28 1352.592
28 1354.717
28 1358.218
28 1364.558
28 1365.283
28 1368.336
28 1369.535
28 1374.270
28 1383.243
28 1384.609
28 1385.549
28 1409.409
28 1417.741
28 1433.407
28 1462.329
32 1317.053
32 1318.355
32 1318.634
32 1320.700
32 1323.169
32 1325.271
32 1330.011
32 1333.436
32 1333.990
32 1336.258
32 1337.289
32 1338.914
32 1339.864
32 1341.537
32 1341.971
32 1342.837
32 1350.536
32 1353.376
32 1357.705
32 1359.232
32 1359.888
32 1365.421
32 1367.591
32 1377.994
32 1382.337
32 1400.036
32 1403.517
32 1404.835
32 1407.317
32 1439.872
40 1763.586
40 1882.237
40 1970.653
40 2010.338
40 2023.105
40 2024.185
40 2044.086
40 2050.727
40 2051.736
40 2065.545
40 2070.124
40 2078.829
40 2090.957
40 2093.042
40 2093.915
40 2094.692
40 2096.432
40 2097.627
40 2099.990
40 2112.342
40 2113.106
40 2113.912
40 2119.336
40 2124.312
40 2126.359
40 2128.036
40 2146.559
40 2158.870
40 2161.661
40 2169.314
48 1610.037
48 1639.196
48 1641.478
48 1645.179
48 1650.053
48 1650.219
48 1658.669
48 1664.087
48 1667.593
48 1667.942
48 1669.468
48 1676.608
48 1677.063
48 1678.327
48 1678.521
48 1682.608
48 1683.622
48 1686.239
48 1689.610
48 1695.383
48 1697.435
48 1698.528
48 1699.999
48 1711.705
48 1712.031
48 1717.498
48 1720.470
48 1725.164
48 1733.871
48 1738.822
56 2822.491
56 2906.990
56 2928.895
56 2948.750
56 2972.600
56 2996.587
56 3015.592
56 3028.438
56 3028.713
56 3051.421
56 3121.974
56 3125.793
56 3152.533
56 3157.650
56 3177.563
56 3189.593
56 3194.175
56 3199.937
56 3228.442
56 3234.445
56 3237.965
56 3238.766
56 3246.631
56 3256.069
56 3258.854
56 3263.561
56 3295.791
56 3315.638
56 3336.440
56 3344.088
64 2103.120
64 2112.346
64 2139.923
64 2152.957
64 2163.676
64 2190.195
64 2191.092
64 2191.137
64 2211.147
64 2233.805
64 2250.920
64 2253.404
64 2270.607
64 2274.863
64 2288.364
64 2291.528
64 2305.033
64 2305.835
64 2314.481
64 2334.161
64 2336.144
64 2336.825
64 2338.515
64 2352.591
64 2367.054
64 2384.254
64 2396.629
64 2475.194
64 2544.436
64 2547.989
80 3136.946
80 3200.801
80 3247.483
80 3309.969
80 3411.613
80 3488.389
80 3512.956
80 4432.306
80 4436.227
80 4479.205
80 4514.929
80 4517.130
80 4533.662
80 4566.572
80 4569.279
80 4571.142
80 4585.510
80 4606.123
80 4607.096
80 4631.422
80 4633.077
80 4663.276
80 4700.174
80 4721.413
80 4729.017
80 4739.090
80 4814.599
80 4917.332
80 4921.076
80 5036.478
96 3260.578
96 3382.115
96 3385.619
96 3395.976
96 4610.951
96 4927.053
96 5033.753
96 5048.373
96 5064.799
96 5083.559
96 5091.858
96 5108.459
96 5123.043
96 5162.668
96 5168.454
96 5168.668
96 5171.831
96 5215.229
96 5225.537
96 5228.690
96 5235.041
96 5236.840
96 5243.877
96 5246.218
96 5261.005
96 5304.632
96 5333.749
96 5355.692
96 5358.547
96 5381.859
112 3904.426
112 4036.812
112 4066.826
112 4125.872
112 4128.746
112 4129.058
112 4133.837
112 4147.127
112 4185.688
112 4259.926
112 4405.694
112 5328.323
112 5343.253
112 5345.726
112 5402.521
112 5427.139
112 5470.697
112 5502.259
112 5512.843
112 5554.337
112 5597.328
112 5635.264
112 5638.109
112 5688.884
112 5721.296
112 5723.138
112 5827.158
112 5893.637
112 5908.215
112 5916.153
128 5074.549
128 5118.408
128 5133.508
128 5140.410
128 5186.586
128 5202.554
128 5215.898
128 5250.487
128 5251.580
128 5254.971
128 5261.701
128 5261.711
128 5264.794
128 5269.427
128 5292.284
128 5314.045
128 5322.240
128 5327.335
128 5338.541
128 5381.588
128 5413.824
128 5426.358
128 5435.233
128 5482.676
128 5527.606
128 5547.905
128 5560.404
128 5574.906
128 5589.257
128 5784.859
160 6089.560
160 6144.317
160 6176.173
160 6188.126
160 6288.426
160 6323.791
160 6379.589
160 6382.592
160 6420.068
160 6424.804
160 6461.817
160 6484.448
160 6511.433
160 6519.147
160 6523.615
160 6527.189
160 6527.861
160 6543.304
160 6546.886
160 6560.884
160 6567.700
160 6569.369
160 6571.516
160 6580.711
160 6609.524
160 6616.649
160 6654.898
160 6665.679
160 6671.444
160 6675.251
192 6226.728
192 6629.966
192 6854.768
192 6867.207
192 7035.403
192 7041.315
192 7114.646
192 7139.007
192 7147.347
192 7165.202
192 7166.614
192 7207.935
192 7250.650
192 7280.504
192 7344.516
192 7380.191
192 7422.916
192 7448.151
192 7478.334
192 7536.203
192 7549.464
192 7565.389
192 7569.997
192 7580.506
192 7585.286
192 7605.136
192 7617.383
192 7637.004
192 7646.597
192 7684.683
