0 14.686
0 14.710
0 14.710
0 14.710
0 14.710
0 14.710
0 14.710
0 14.710
0 14.710
0 14.710
0 14.710
0 14.711
0 14.711
0 14.711
0 14.711
0 14.797
0 15.488
0 16.134
0 16.134
0 16.134
0 16.134
0 16.134
0 16.134
0 16.134
0 16.134
0 16.134
0 16.134
0 16.333
0 16.476
0 17.708
1 1048.202
1 1049.568
1 1050.956
1 1051.066
1 1051.104
1 1051.490
1 1051.517
1 1051.585
1 1051.698
1 1051.726
1 1052.253
1 1052.709
1 1052.762
1 1053.326
1 1053.348
1 1053.524
1 1053.640
1 1053.784
1 1053.817
1 1054.234
1 1054.380
1 1054.858
1 1054.907
1 1055.935
1 1055.973
1 1057.085
1 1058.249
1 1058.525
1 1065.349
1 1068.302
2 2037.302
2 2043.884
2 2046.840
2 2050.908
2 2051.640
2 2051.731
2 2058.640
2 2059.119
2 2059.527
2 2059.659
2 2060.007
2 2060.501
2 2060.689
2 2060.697
2 2061.271
2 2061.445
2 2061.561
2 2061.578
2 2062.926
2 2063.866
2 2068.107
2 2068.522
2 2069.050
2 2069.179
2 2070.025
2 2070.463
2 2077.651
2 2077.835
2 2084.430
2 2088.688
3 3045.848
3 3046.546
3 3046.560
3 3047.538
3 3047.740
3 3049.371
3 3050.583
3 3051.380
3 3052.196
3 3052.683
3 3055.743
3 3056.244
3 3056.852
3 3066.093
3 3067.573
3 3068.033
3 3069.134
3 3069.662
3 3072.318
3 3073.678
3 3075.879
3 3078.528
3 3078.904
3 3080.392
3 3081.530
3 3088.018
3 3088.324
3 3092.511
3 3097.086
3 3108.209
4 4056.657
4 4059.545
4 4064.270
4 4064.423
4 4066.002
4 4070.293
4 4071.655
4 4072.030
4 4072.399
4 4073.225
4 4074.446
4 4076.385
4 4078.462
4 4078.485
4 4080.306
4 4083.406
4 4084.846
4 4088.670
4 4089.009
4 4091.665
4 4094.466
4 4095.944
4 4102.125
4 4103.695
4 4106.348
4 4106.974
4 4108.559
4 4112.221
4 4117.957
4 4137.372
5 5066.192
5 5067.854
5 5069.480
5 5069.819
5 5070.570
5 5075.040
5 5075.157
5 5079.314
5 5079.520
5 5080.801
5 5080.816
5 5081.216
5 5081.754
5 5082.101
5 5083.664
5 5085.166
5 5087.378
5 5088.695
5 5089.096
5 5105.226
5 5106.230
5 5110.083
5 5112.367
5 5112.755
5 5119.138
5 5124.977
5 5127.004
5 5133.205
5 5155.717
5 5170.494
6 6074.139
6 6075.616
6 6076.985
6 6078.411
6 6078.873
6 6079.416
6 6079.438
6 6079.890
6 6082.290
6 6083.620
6 6085.767
6 6086.357
6 6088.556
6 6090.862
6 6091.399
6 6093.003
6 6093.341
6 6093.738
6 6096.756
6 6098.530
6 6103.224
6 6104.316
6 6108.474
6 6110.779
6 6110.906
6 6111.130
6 6113.772
6 6116.127
6 6123.524
6 6125.467
7 7045.644
7 7047.057
7 7050.584
7 7052.902
7 7053.334
7 7055.762
7 7058.071
7 7062.386
7 7062.605
7 7063.368
7 7067.758
7 7068.262
7 7073.325
7 7076.267
7 7076.706
7 7082.427
7 7082.429
7 7090.173
7 7090.333
7 7100.243
7 7100.893
7 7103.659
7 7105.448
7 7115.265
7 7117.181
7 7120.997
7 7122.138
7 7122.158
7 7124.001
7 7150.329
8 8066.091
8 8067.038
8 8070.913
8 8073.197
8 8074.284
8 8075.363
8 8075.564
8 8075.813
8 8078.114
8 8078.476
8 8081.146
8 8081.724
8 8083.677
8 8084.176
8 8090.064
8 8093.681
8 8095.183
8 8101.601
8 8107.134
8 8107.717
8 8112.081
8 8117.082
8 8120.054
8 8121.162
8 8130.840
8 8133.005
8 8133.070
8 8134.179
8 8146.473
8 8169.694
9 9070.028
9 9073.393
9 9087.947
9 9089.819
9 9092.462
9 9093.420
9 9093.660
9 9093.930
9 9096.775
9 9099.425
9 9104.610
9 9105.419
9 9111.008
9 9112.715
9 9118.576
9 9118.604
9 9126.025
9 9129.132
9 9132.651
9 9139.311
9 9140.651
9 9140.710
9 9145.607
9 9159.200
9 9163.582
9 9163.900
9 9165.501
9 9168.299
9 9170.024
9 9179.673
10 10080.166
10 10092.221
10 10093.021
10 10113.568
10 10147.563
10 10149.286
10 10150.722
10 10151.711
10 10153.886
10 10155.311
10 10159.708
10 10170.291
10 10171.730
10 10173.685
10 10178.846
10 10179.144
10 10184.235
10 10187.634
10 10197.005
10 10197.824
10 10198.876
10 10200.989
10 10205.601
10 10207.962
10 10217.250
10 10238.018
10 10259.597
10 10262.804
10 10265.508
10 10363.997
11 11056.541
11 11057.374
11 11062.615
11 11070.160
11 11070.494
11 11075.954
11 11078.436
11 11079.188
11 11080.913
11 11081.625
11 11082.564
11 11084.135
11 11085.348
11 11094.651
11 11099.140
11 11100.925
11 11102.065
11 11104.483
11 11104.659
11 11105.610
11 11117.325
11 11120.385
11 11121.346
11 11128.196
11 11139.887
11 11145.822
11 11146.556
11 11157.627
11 11165.505
11 11177.732
12 12054.216
12 12056.605
12 12057.861
12 12061.259
12 12062.100
12 12062.977
12 12063.990
12 12064.285
12 12065.315
12 12072.505
12 12072.837
12 12078.525
12 12079.545
12 12088.733
12 12093.081
12 12094.887
12 12096.352
12 12103.218
12 12110.846
12 12111.894
12 12114.052
12 12126.384
12 12128.135
12 12135.046
12 12137.806
12 12138.431
12 12142.097
12 12153.147
12 12154.049
12 12174.957
13 13068.235
13 13073.240
13 13076.546
13 13076.659
13 13077.344
13 13078.401
13 13078.880
13 13081.893
13 13083.787
13 13085.650
13 13088.416
13 13090.060
13 13093.789
13 13095.448
13 13108.484
13 13111.723
13 13115.026
13 13115.949
13 13117.094
13 13119.469
13 13119.709
13 13120.036
13 13131.774
13 13137.432
13 13141.845
13 13143.646
13 13145.618
13 13150.211
13 13154.406
13 13161.777
14 14085.940
14 14087.598
14 14089.455
14 14092.931
14 14093.226
14 14095.485
14 14097.040
14 14098.162
14 14102.924
14 14103.052
14 14103.472
14 14104.083
14 14105.205
14 14110.324
14 14110.435
14 14111.054
14 14111.661
14 14117.214
14 14121.202
14 14123.622
14 14135.227
14 14135.793
14 14135.800
14 14146.148
14 14149.261
14 14150.826
14 14153.064
14 14156.512
14 14157.843
14 14186.303
15 15047.243
15 15047.312
15 15048.806
15 15051.623
15 15052.357
15 15052.520
15 15054.197
15 15057.672
15 15058.837
15 15060.270
15 15061.772
15 15080.919
15 15084.294
15 15087.680
15 15094.372
15 15101.067
15 15109.330
15 15113.173
15 15118.405
15 15125.039
15 15133.428
15 15143.823
15 15148.475
15 15157.254
15 15166.716
15 15178.004
15 15189.801
15 15190.505
15 15221.325
15 15250.862
16 16083.205
16 16083.938
16 16093.522
16 16094.980
16 16096.632
16 16097.075
16 16099.700
16 16110.903
16 16110.984
16 16117.487
16 16118.467
16 16119.269
16 16125.023
16 16126.543
16 16131.908
16 16135.496
16 16139.557
16 16145.812
16 16155.024
16 16161.919
16 16165.327
16 16169.400
16 16175.264
16 16183.954
16 16184.157
16 16194.012
16 16197.130
16 16208.030
16 16230.677
16 16250.025
17 17073.413
17 17075.717
17 17078.162
17 17083.928
17 17087.535
17 17091.046
17 17093.000
17 17101.114
17 17106.615
17 17108.748
17 17109.969
17 17115.077
17 17116.573
17 17118.021
17 17118.888
17 17125.078
17 17130.508
17 17131.186
17 17134.213
17 17137.604
17 17143.314
17 17146.713
17 17151.684
17 17155.091
17 17155.762
17 17166.454
17 17171.553
17 17173.086
17 17190.957
17 17200.193
18 18078.856
18 18078.986
18 18079.206
18 18081.253
18 18087.555
18 18091.863
18 18092.475
18 18096.564
18 18102.975
18 18103.181
18 18109.969
18 18110.820
18 18111.520
18 18117.015
18 18131.348
18 18137.172
18 18139.339
18 18139.877
18 18140.423
18 18149.262
18 18149.714
18 18160.084
18 18161.148
18 18166.245
18 18177.379
18 18177.950
18 18207.818
18 18214.214
18 18216.745
18 18252.233
19 19052.427
19 19055.388
19 19060.863
19 19070.443
19 19078.917
19 19091.440
19 19092.636
19 19096.994
19 19099.262
19 19104.764
19 19105.867
19 19105.999
19 19106.624
19 19114.557
19 19116.373
19 19117.270
19 19118.753
19 19120.814
19 19121.005
19 19121.594
19 19121.804
19 19122.420
19 19134.544
19 19134.915
19 19149.482
19 19153.382
19 19154.287
19 19155.812
19 19157.647
19 19181.843
20 20061.051
20 20064.256
20 20067.847
20 20069.745
20 20072.694
20 20084.467
20 20085.866
20 20088.219
20 20089.017
20 20093.126
20 20094.452
20 20095.169
20 20095.525
20 20100.971
20 20106.352
20 20111.278
20 20113.550
20 20119.616
20 20120.157
20 20123.337
20 20123.574
20 20130.077
20 20132.985
20 20134.991
20 20138.350
20 20140.786
20 20141.735
20 20147.602
20 20152.489
20 20157.015
21 21062.322
21 21066.452
21 21071.544
21 21074.766
21 21079.046
21 21079.392
21 21087.518
21 21090.396
21 21091.729
21 21091.807
21 21094.681
21 21094.920
21 21104.337
21 21111.508
21 21114.089
21 21114.872
21 21120.436
21 21121.069
21 21122.009
21 21127.466
21 21128.814
21 21129.645
21 21133.138
21 21143.237
21 21151.392
21 21153.989
21 21156.314
21 21162.222
21 21202.485
21 21204.359
22 22066.566
22 22074.951
22 22078.480
22 22081.413
22 22090.191
22 22091.937
22 22094.780
22 22094.825
22 22095.318
22 22102.241
22 22107.534
22 22108.216
22 22109.795
22 22112.920
22 22112.938
22 22118.264
22 22130.031
22 22132.065
22 22132.072
22 22144.986
22 22150.742
22 22153.285
22 22158.047
22 22165.542
22 22169.824
22 22173.113
22 22181.715
22 22196.059
22 22200.840
22 22244.762
23 23085.005
23 23096.891
23 23101.731
23 23106.292
23 23108.514
23 23109.796
23 23110.229
23 23111.465
23 23116.181
23 23118.645
23 23123.470
23 23124.457
23 23126.538
23 23126.904
23 23128.833
23 23144.645
23 23144.951
23 23145.737
23 23152.328
23 23153.523
23 23159.022
23 23164.597
23 23177.053
23 23179.047
23 23179.957
23 23195.465
23 23212.064
23 23227.849
23 23228.139
23 23282.444
24 24061.458
24 24064.294
24 24072.186
24 24072.894
24 24073.117
24 24082.090
24 24087.202
24 24091.473
24 24096.315
24 24100.256
24 24114.734
24 24114.847
24 24117.814
24 24118.833
24 24119.989
24 24120.010
24 24121.170
24 24122.617
24 24130.288
24 24136.284
24 24137.638
24 24143.399
24 24147.374
24 24152.720
24 24170.785
24 24171.082
24 24172.636
24 24174.387
24 24184.810
24 24192.677
25 25063.057
25 25065.112
25 25068.986
25 25071.605
25 25072.358
25 25077.112
25 25077.676
25 25077.741
25 25092.312
25 25098.939
25 25100.297
25 25103.025
25 25106.247
25 25106.414
25 25109.117
25 25111.516
25 25111.807
25 25120.427
25 25127.874
25 25137.420
25 25137.527
25 25138.324
25 25138.583
25 25150.402
25 25155.440
25 25159.790
25 25167.560
25 25177.222
25 25182.391
25 25184.655
26 26072.375
26 26074.028
26 26075.014
26 26076.430
26 26084.714
26 26084.989
26 26087.191
26 26090.189
26 26092.804
26 26095.882
26 26098.346
26 26102.435
26 26105.008
26 26106.946
26 26109.540
26 26113.591
26 26116.687
26 26120.778
26 26120.858
26 26125.873
26 26126.125
26 26130.536
26 26133.016
26 26133.218
26 26134.849
26 26142.180
26 26151.010
26 26151.561
26 26156.423
26 26170.899
27 27081.315
27 27086.034
27 27086.067
27 27088.528
27 27093.368
27 27093.968
27 27093.970
27 27096.703
27 27109.727
27 27116.360
27 27117.136
27 27121.446
27 27130.657
27 27138.299
27 27141.164
27 27152.995
27 27156.811
27 27156.978
27 27168.705
27 27169.998
27 27172.738
27 27173.925
27 27174.196
27 27175.670
27 27176.625
27 27179.938
27 27219.997
27 27228.143
27 27229.805
27 27604.284
28 28061.541
28 28064.934
28 28069.903
28 28070.180
28 28072.817
28 28074.247
28 28083.284
28 28084.481
28 28090.764
28 28097.344
28 28104.399
28 28108.400
28 28108.535
28 28110.575
28 28115.358
28 28117.061
28 28119.080
28 28128.026
28 28132.967
28 28134.458
28 28134.538
28 28135.512
28 28137.650
28 28151.978
28 28161.218
28 28163.646
28 28179.132
28 28180.067
28 28214.362
28 28219.162
29 29078.352
29 29080.650
29 29086.541
29 29086.571
29 29087.070
29 29091.955
29 29092.578
29 29094.026
29 29094.148
29 29096.549
29 29101.423
29 29101.932
29 29102.481
29 29104.825
29 29107.996
29 29108.346
29 29111.686
29 29112.053
29 29113.055
29 29113.267
29 29115.201
29 29120.494
29 29136.221
29 29137.005
29 29140.407
29 29141.334
29 29143.009
29 29166.421
29 29175.545
29 29218.086
30 30073.323
30 30079.248
30 30079.321
30 30080.176
30 30081.669
30 30084.549
30 30093.219
30 30093.550
30 30096.127
30 30100.673
30 30103.214
30 30103.662
30 30107.574
30 30109.417
30 30111.258
30 30112.821
30 30126.049
30 30129.160
30 30130.951
30 30138.976
30 30141.488
30 30152.064
30 30163.387
30 30169.996
30 30172.343
30 30172.485
30 30181.709
30 30194.097
30 30206.064
30 30219.806
