0 621.607
0 632.186
0 640.093
0 666.160
0 667.925
0 668.720
0 681.630
0 692.086
0 693.313
0 693.820
0 708.780
0 709.612
0 712.355
0 712.787
0 714.077
0 720.702
0 722.447
0 725.415
0 727.935
0 733.295
0 735.162
0 736.495
0 752.670
0 755.955
0 765.119
0 782.056
0 813.909
0 834.099
0 891.193
0 977.505
1 1960.178
1 2054.509
1 2178.224
1 2253.585
1 2308.902
1 2311.667
1 2313.519
1 2315.960
1 2317.742
1 2321.507
1 2322.575
1 2324.645
1 2325.421
1 2329.896
1 2332.209
1 2337.570
1 2339.530
1 2345.900
1 2352.955
1 2359.699
1 2359.780
1 2362.128
1 2368.816
1 2382.466
1 2382.763
1 2387.427
1 2388.100
1 2403.587
1 2446.291
1 2465.048
2 3125.981
2 3136.558
2 3147.310
2 3158.296
2 3161.633
2 3165.091
2 3168.674
2 3179.750
2 3182.633
2 3184.354
2 3201.592
2 3204.792
2 3207.070
2 3241.352
2 3245.951
2 3247.928
2 3251.748
2 3251.817
2 3252.067
2 3258.063
2 3262.174
2 3272.692
2 3276.615
2 3287.737
2 3297.861
2 3305.843
2 3318.577
2 3333.825
2 3361.948
2 3370.748
3 3599.852
3 3613.420
3 3619.231
3 3621.977
3 3625.918
3 3631.257
3 3645.559
3 3649.933
3 3656.496
3 3657.036
3 3663.979
3 3664.617
3 3667.134
3 3667.973
3 3668.400
3 3671.021
3 3683.318
3 3701.135
3 3701.630
3 3712.640
3 3714.596
3 3732.277
3 3735.405
3 3739.579
3 3745.399
3 3762.324
3 3794.604
3 3799.320
3 3877.884
3 3920.524
4 4572.318
4 4573.663
4 4578.069
4 4578.546
4 4580.801
4 4588.351
4 4593.806
4 4597.265
4 4599.434
4 4599.491
4 4600.147
4 4609.927
4 4613.371
4 4624.735
4 4625.953
4 4626.755
4 4626.940
4 4628.582
4 4638.225
4 4639.370
4 4649.489
4 4649.899
4 4655.385
4 4658.614
4 4662.723
4 4664.510
4 4671.802
4 4684.311
4 4690.783
4 4706.341
5 5558.089
5 5579.911
5 5581.380
5 5582.639
5 5582.942
5 5588.954
5 5591.501
5 5591.650
5 5592.519
5 5593.996
5 5595.149
5 5596.416
5 5602.598
5 5602.770
5 5602.959
5 5603.098
5 5603.884
5 5605.462
5 5614.835
5 5616.906
5 5617.410
5 5630.134
5 5633.648
5 5638.954
5 5640.435
5 5644.004
5 5646.649
5 5649.810
5 5650.995
5 5669.634
6 6549.210
6 6551.406
6 6553.670
6 6561.284
6 6561.362
6 6568.337
6 6572.368
6 6573.481
6 6574.083
6 6579.907
6 6584.023
6 6585.015
6 6588.107
6 6601.529
6 6605.687
6 6605.834
6 6606.353
6 6607.723
6 6609.539
6 6611.235
6 6616.046
6 6621.182
6 6631.362
6 6633.014
6 6648.121
6 6652.140
6 6655.709
6 6657.107
6 6666.042
6 6706.975
7 7523.638
7 7527.586
7 7550.343
7 7550.680
7 7559.923
7 7560.351
7 7561.538
7 7567.520
7 7572.258
7 7573.114
7 7577.569
7 7579.115
7 7580.840
7 7588.132
7 7588.356
7 7593.778
7 7595.508
7 7595.873
7 7598.494
7 7601.660
7 7603.171
7 7606.531
7 7607.231
7 7609.254
7 7610.420
7 7615.135
7 7617.097
7 7623.240
7 7625.095
7 7630.160
8 8572.472
8 8580.950
8 8592.308
8 8598.966
8 8602.545
8 8610.728
8 8611.254
8 8616.220
8 8619.914
8 8622.176
8 8640.499
8 8640.907
8 8645.635
8 8647.352
8 8650.097
8 8652.837
8 8654.417
8 8657.723
8 8657.993
8 8658.217
8 8665.319
8 8666.664
8 8667.447
8 8668.627
8 8669.116
8 8672.543
8 8692.679
8 8695.788
8 8708.302
8 8733.579
9 9548.062
9 9549.773
9 9576.680
9 9577.061
9 9583.337
9 9584.347
9 9589.154
9 9589.369
9 9590.523
9 9597.471
9 9601.743
9 9603.488
9 9604.026
9 9617.615
9 9620.527
9 9626.647
9 9631.871
9 9634.874
9 9637.526
9 9646.559
9 9648.298
9 9668.300
9 9669.446
9 9673.028
9 9677.558
9 9683.274
9 9687.804
9 9693.740
9 9713.366
9 9717.131
10 10565.718
10 10582.895
10 10584.547
10 10585.976
10 10588.215
10 10594.422
10 10594.772
10 10595.065
10 10595.151
10 10595.536
10 10598.324
10 10601.159
10 10605.593
10 10609.740
10 10617.791
10 10619.995
10 10625.349
10 10630.228
10 10638.503
10 10647.304
10 10652.978
10 10653.630
10 10658.284
10 10659.403
10 10669.106
10 10670.635
10 10677.076
10 10678.146
10 10693.107
10 10693.947
11 11601.795
11 11607.314
11 11609.256
11 11614.487
11 11614.607
11 11616.349
11 11618.489
11 11653.132
11 11653.797
11 11654.749
11 11654.753
11 11657.045
11 11659.277
11 11661.252
11 11664.292
11 11674.297
11 11675.479
11 11676.546
11 11676.548
11 11680.334
11 11684.429
11 11688.026
11 11690.033
11 11695.212
11 11700.264
11 11715.433
11 11730.814
11 11743.666
11 11761.462
11 11782.288
12 12538.575
12 12541.282
12 12546.012
12 12546.795
12 12547.268
12 12550.262
12 12550.661
12 12550.766
12 12553.308
12 12554.354
12 12556.114
12 12557.810
12 12568.537
12 12573.993
12 12574.319
12 12576.386
12 12586.275
12 12589.732
12 12595.891
12 12603.466
12 12615.893
12 12620.294
12 12622.389
12 12628.201
12 12630.249
12 12634.803
12 12635.280
12 12637.943
12 12639.663
12 12641.715
13 13587.474
13 13605.077
13 13608.681
13 13620.458
13 13630.270
13 13631.972
13 13635.053
13 13638.510
13 13640.793
13 13649.132
13 13660.047
13 13661.523
13 13665.021
13 13665.629
13 13665.722
13 13672.120
13 13677.303
13 13678.289
13 13686.669
13 13689.976
13 13692.114
13 13695.642
13 13697.673
13 13703.227
13 13715.534
13 13722.134
13 13730.181
13 13733.428
13 13734.858
13 13746.591
14 14607.558
14 14607.802
14 14607.972
14 14608.151
14 14608.196
14 14611.950
14 14618.040
14 14621.200
14 14622.215
14 14628.063
14 14629.569
14 14641.014
14 14651.640
14 14655.608
14 14657.872
14 14660.279
14 14662.637
14 14662.810
14 14675.451
14 14677.707
14 14682.252
14 14683.679
14 14684.461
14 14686.000
14 14693.376
14 14697.037
14 14708.866
14 14713.157
14 14713.494
14 14813.837
15 15531.313
15 15539.804
15 15542.425
15 15545.769
15 15546.211
15 15553.756
15 15559.101
15 15559.400
15 15567.042
15 15580.924
15 15584.818
15 15586.264
15 15586.885
15 15590.567
15 15593.867
15 15595.083
15 15602.797
15 15606.189
15 15612.646
15 15618.470
15 15619.106
15 15619.387
15 15620.800
15 15621.525
15 15626.065
15 15627.102
15 15628.688
15 15638.379
15 15649.709
15 15658.576
16 16586.370
16 16587.857
16 16594.901
16 16596.754
16 16597.135
16 16597.420
16 16598.699
16 16601.256
16 16604.555
16 16614.568
16 16616.633
16 16624.227
16 16636.972
16 16638.670
16 16650.013
16 16661.979
16 16663.390
16 16665.419
16 16666.146
16 16666.280
16 16671.233
16 16672.767
16 16677.340
16 16681.288
16 16683.566
16 16684.043
16 16684.660
16 16684.725
16 16697.238
16 16716.342
17 17551.769
17 17558.165
17 17560.844
17 17561.271
17 17566.912
17 17570.203
17 17575.488
17 17575.807
17 17577.833
17 17581.468
17 17593.459
17 17601.364
17 17602.326
17 17608.420
17 17611.821
17 17624.725
17 17628.999
17 17633.992
17 17637.997
17 17639.053
17 17639.206
17 17641.864
17 17644.180
17 17645.263
17 17654.400
17 17655.899
17 17660.053
17 17662.712
17 17672.881
17 17686.769
18 18586.531
18 18591.517
18 18592.422
18 18598.178
18 18600.733
18 18601.902
18 18602.029
18 18604.368
18 18610.699
18 18613.436
18 18616.581
18 18622.817
18 18624.212
18 18629.609
18 18652.047
18 18652.628
18 18654.845
18 18658.520
18 18662.736
18 18663.587
18 18668.411
18 18672.677
18 18674.984
18 18676.745
18 18677.662
18 18678.126
18 18679.043
18 18680.860
18 18684.188
18 18685.542
19 19553.186
19 19565.223
19 19615.829
19 19647.628
19 19648.889
19 19654.367
19 19656.556
19 19660.127
19 19660.471
19 19661.973
19 19664.033
19 19675.957
19 19677.924
19 19683.451
19 19692.984
19 19705.747
19 19708.747
19 19712.690
19 19718.239
19 19722.032
19 19732.634
19 19732.894
19 19744.395
19 19745.900
19 19757.143
19 19768.386
19 19771.219
19 19772.469
19 19784.482
19 19817.110
20 20566.334
20 20572.132
20 20574.052
20 20583.401
20 20586.963
20 20587.159
20 20587.348
20 20589.174
20 20593.270
20 20594.637
20 20599.232
20 20602.948
20 20613.807
20 20616.280
20 20620.019
20 20621.876
20 20627.654
20 20629.933
20 20631.702
20 20636.859
20 20643.771
20 20646.707
20 20653.814
20 20659.564
20 20660.681
20 20663.775
20 20664.039
20 20664.967
20 20674.172
20 20679.352
21 21603.985
21 21604.092
21 21612.055
21 21619.118
21 21631.872
21 21632.935
21 21642.884
21 21646.663
21 21650.101
21 21658.049
21 21663.586
21 21666.874
21 21667.515
21 21672.858
21 21680.823
21 21682.296
21 21691.058
21 21691.782
21 21695.502
21 21697.292
21 21697.966
21 21701.557
21 21704.308
21 21707.905
21 21710.167
21 21713.114
21 21714.555
21 21721.701
21 21722.154
21 21734.102
22 22545.460
22 22570.999
22 22587.190
22 22597.001
22 22597.218
22 22603.084
22 22606.786
22 22608.313
22 22616.982
22 22647.106
22 22648.676
22 22653.956
22 22671.858
22 22684.235
22 22686.475
22 22687.558
22 22700.235
22 22705.640
22 22706.753
22 22715.184
22 22718.529
22 22729.937
22 22733.654
22 22746.040
22 22747.291
22 22750.642
22 22767.219
22 22769.395
22 22775.840
22 22833.633
23 23589.647
23 23591.750
23 23593.053
23 23596.474
23 23597.655
23 23600.588
23 23602.207
23 23602.407
23 23603.039
23 23603.163
23 23607.558
23 23611.571
23 23616.095
23 23619.172
23 23625.932
23 23629.787
23 23642.165
23 23650.163
23 23666.779
23 23672.366
23 23676.896
23 23679.984
23 23684.430
23 23688.943
23 23689.158
23 23694.848
23 23697.307
23 23697.589
23 23732.008
23 23741.576
24 24589.528
24 24594.857
24 24598.208
24 24600.017
24 24600.972
24 24601.402
24 24607.694
24 24608.164
24 24614.732
24 24623.987
24 24630.721
24 24631.617
24 24633.010
24 24642.628
24 24653.683
24 24655.664
24 24660.233
24 24674.008
24 24674.234
24 24678.102
24 24682.437
24 24685.080
24 24686.973
24 24693.112
24 24694.063
24 24695.007
24 24697.330
24 24701.369
24 24779.172
24 24836.542
25 25591.547
25 25592.649
25 25599.619
25 25602.827
25 25603.499
25 25605.211
25 25615.943
25 25616.449
25 25618.032
25 25621.397
25 25622.927
25 25624.735
25 25627.740
25 25634.233
25 25635.956
25 25638.149
25 25643.138
25 25651.947
25 25655.568
25 25658.834
25 25660.036
25 25661.725
25 25665.394
25 25670.980
25 25672.517
25 25680.340
25 25682.156
25 25685.993
25 25687.252
25 25713.263
26 26568.299
26 26571.661
26 26575.591
26 26576.222
26 26592.229
26 26603.150
26 26604.026
26 26604.976
26 26617.804
26 26625.933
26 26647.145
26 26649.010
26 26661.372
26 26665.167
26 26683.782
26 26686.344
26 26697.488
26 26698.061
26 26699.031
26 26756.702
26 26761.234
26 26772.990
26 26773.936
26 26778.205
26 26783.231
26 26788.127
26 26796.261
26 26803.453
26 26816.145
26 26851.021
27 27572.228
27 27574.905
27 27581.933
27 27582.381
27 27584.721
27 27586.402
27 27601.919
27 27604.221
27 27611.092
27 27611.624
27 27613.004
27 27616.898
27 27627.102
27 27630.690
27 27633.713
27 27635.370
27 27635.545
27 27644.491
27 27645.448
27 27648.685
27 27654.286
27 27658.685
27 27660.002
27 27662.195
27 27667.880
27 27672.950
27 27683.093
27 27683.159
27 27701.602
27 27705.077
28 28575.036
28 28581.896
28 28583.058
28 28588.826
28 28592.237
28 28600.486
28 28601.505
28 28610.107
28 28610.661
28 28611.756
28 28612.046
28 28612.880
28 28621.035
28 28623.666
28 28624.151
28 28630.314
28 28632.451
28 28647.524
28 28654.555
28 28656.807
28 28663.597
28 28673.953
28 28682.291
28 28685.391
28 28688.573
28 28688.751
28 28696.686
28 28702.967
28 28715.789
28 28730.283
29 29569.954
29 29585.519
29 29594.938
29 29607.602
29 29644.342
29 29650.953
29 29652.868
29 29654.194
29 29662.021
29 29664.754
29 29678.658
29 29683.542
29 29684.407
29 29687.084
29 29688.343
29 29689.427
29 29690.469
29 29692.242
29 29693.952
29 29694.224
29 29710.900
29 29715.185
29 29716.914
29 29719.839
29 29734.999
29 29735.969
29 29736.817
29 29743.009
29 29773.353
29 29797.045
30 30574.644
30 30584.498
30 30587.856
30 30592.486
30 30598.859
30 30606.733
30 30610.529
30 30613.838
30 30623.589
30 30627.025
30 30631.860
30 30635.207
30 30635.226
30 30635.392
30 30637.339
30 30638.818
30 30639.251
30 30642.933
30 30648.958
30 30651.441
30 30654.610
30 30657.524
30 30659.545
30 30667.571
30 30668.311
30 30673.148
30 30675.912
30 30680.893
30 30714.052
30 30731.658
