0 7125.392
0 7282.369
0 7338.064
0 7376.095
0 7531.905
0 7884.015
0 7908.245
0 7914.263
0 7923.400
0 7937.452
0 7949.717
0 7953.530
0 7956.358
0 7956.815
0 7986.772
0 8005.220
0 8007.124
0 8032.088
0 8042.757
0 8048.194
0 8078.698
0 8100.034
0 8125.782
0 8135.675
0 8167.656
0 8193.092
0 8205.247
0 8278.237
0 8359.751
0 8421.180
1 9569.779
1 9710.180
1 9926.954
1 10001.940
1 10018.625
1 10275.130
1 11155.904
1 13007.862
1 13072.634
1 13074.018
1 13222.495
1 13276.760
1 13331.678
1 13446.443
1 13543.623
1 13712.469
1 13791.438
1 13981.208
1 13987.995
1 14005.604
1 14070.892
1 14201.765
1 14203.918
1 14226.595
1 14349.837
1 14416.058
1 14457.944
1 14463.812
1 14598.518
1 14770.805
2 10253.364
2 13260.078
2 13263.540
2 13608.515
2 13694.781
2 13883.915
2 14108.486
2 14176.638
2 14263.486
2 14295.078
2 14360.926
2 14364.102
2 14419.301
2 14473.938
2 14527.795
2 14568.946
2 14581.876
2 14606.806
2 14680.212
2 14690.702
2 14708.381
2 14787.714
2 14800.260
2 14937.476
2 14960.746
2 15112.006
2 15357.117
2 15529.876
2 15598.448
2 15850.409
3 10270.517
3 10294.868
3 10618.341
3 10624.196
3 14103.104
3 15717.358
3 15891.696
3 15950.107
3 15979.226
3 16149.418
3 16176.622
3 16276.687
3 16280.938
3 16281.968
3 16350.280
3 16476.640
3 16534.471
3 16562.225
3 16581.333
3 16599.267
3 16626.260
3 16653.045
3 16783.000
3 16797.774
3 16874.323
3 16931.179
3 16973.249
3 17016.137
3 17089.388
3 17180.014
4 11884.428
4 14764.029
4 14774.167
4 14837.139
4 17735.172
4 17754.255
4 17915.511
4 17919.485
4 17931.272
4 18070.193
4 18170.846
4 18243.658
4 18248.317
4 18255.034
4 18289.092
4 18331.778
4 18334.728
4 18346.211
4 18377.974
4 18390.038
4 18396.966
4 18403.095
4 18472.962
4 18501.601
4 18526.817
4 18541.968
4 18581.891
4 18755.650
4 18856.817
4 19061.273
5 12231.961
5 12270.089
5 12463.214
5 12497.422
5 12543.024
5 12552.512
5 12594.412
5 12719.080
5 12783.961
5 12808.084
5 12811.622
5 12815.176
5 12840.729
5 12846.742
5 12849.351
5 12876.586
5 12879.728
5 12900.169
5 12910.860
5 12911.353
5 12961.424
5 12965.296
5 12986.265
5 13007.368
5 13027.324
5 13055.773
5 13114.942
5 13153.473
5 13171.246
5 13175.937
6 12499.086
6 12500.125
6 12543.744
6 12562.646
6 12569.500
6 12581.914
6 12583.716
6 12595.269
6 12604.610
6 12627.291
6 12640.096
6 12649.473
6 12650.215
6 12661.967
6 12680.654
6 12689.664
6 12693.383
6 12725.994
6 12735.737
6 12739.603
6 12786.852
6 12788.416
6 12796.152
6 12805.026
6 12829.735
6 12853.096
6 12988.988
6 13041.955
6 13249.985
6 13276.335
7 14180.927
7 14263.242
7 14264.809
7 14302.064
7 14323.692
7 14356.908
7 14359.153
7 14361.209
7 14365.952
7 14412.496
7 14459.961
7 14548.190
7 14613.940
7 14622.810
7 14674.066
7 14722.320
7 14727.295
7 14737.865
7 14768.909
7 14795.885
7 14800.129
7 14824.188
7 14846.602
7 14922.345
7 14947.724
7 14999.663
7 15096.512
7 15106.839
7 15120.738
7 15298.041
8 14666.331
8 15015.937
8 15266.183
8 15272.143
8 16456.247
8 16902.058
8 17128.947
8 17383.936
8 17503.875
8 17588.449
8 17828.588
8 18122.263
8 18308.283
8 18430.902
8 18438.297
8 19337.194
8 19385.185
8 19664.312
8 19794.570
8 20124.068
8 20929.908
8 20945.264
8 21017.541
8 21086.905
8 21107.056
8 21132.499
8 21270.563
8 21445.269
8 21559.382
8 21582.638
9 13502.479
9 15318.713
9 15427.090
9 16000.460
9 16451.429
9 16613.158
9 16655.584
9 16767.781
9 16806.154
9 16813.782
9 16867.415
9 16868.420
9 17068.725
9 17080.981
9 17118.204
9 17135.177
9 17221.046
9 17261.232
9 17373.586
9 17400.184
9 17579.978
9 17582.849
9 17583.163
9 17635.761
9 18096.152
9 18233.912
9 18561.988
9 19034.207
9 19352.769
9 19960.111
10 16468.031
10 17667.663
10 17785.843
10 17929.364
10 17998.588
10 18274.558
10 18365.460
10 18389.572
10 18410.069
10 18535.027
10 18549.558
10 18564.005
10 18565.170
10 18570.486
10 18637.766
10 18687.889
10 18720.781
10 18744.241
10 18767.947
10 19027.351
10 19205.003
10 19247.837
10 19323.403
10 19364.183
10 19590.151
10 19611.712
10 19616.071
10 19921.423
10 20249.115
10 20541.747
11 14769.265
11 14793.074
11 14846.540
11 14963.221
11 15016.443
11 15016.454
11 15117.532
11 15129.693
11 15131.832
11 15275.663
11 15300.904
11 15301.522
11 15336.692
11 15450.133
11 15482.895
11 15528.212
11 15573.132
11 15643.460
11 15727.831
11 15771.696
11 15774.844
11 15776.204
11 15810.583
11 15914.025
11 15948.916
11 15957.366
11 15996.373
11 16027.925
11 16138.223
11 16213.214
12 14791.465
12 14926.870
12 14961.467
12 14993.133
12 15002.911
12 15006.837
12 15067.113
12 15136.137
12 15184.360
12 15254.839
12 15310.067
12 15318.560
12 15326.258
12 15358.778
12 15391.921
12 15397.149
12 15434.546
12 15436.710
12 15544.692
12 15603.716
12 15724.666
12 15737.168
12 15744.939
12 15764.811
12 15765.959
12 15796.429
12 15851.916
12 15865.035
12 15889.044
12 16016.430
13 16612.212
13 16621.084
13 16654.163
13 16715.144
13 16776.922
13 16823.662
13 16832.625
13 16888.438
13 16892.462
13 16906.630
13 16987.036
13 17036.673
13 17065.708
13 17069.636
13 17099.769
13 17100.275
13 17150.682
13 17183.800
13 17183.945
13 17192.360
13 17225.502
13 17239.565
13 17257.596
13 17371.078
13 17372.722
13 17447.076
13 17500.559
13 17507.484
13 17655.092
13 17985.107
14 16554.511
14 16651.253
14 16855.969
14 17044.743
14 17076.511
14 17079.567
14 17296.168
14 17328.196
14 17358.157
14 17518.646
14 17595.823
14 18552.302
14 18684.522
14 19273.797
14 19342.407
14 19375.356
14 19470.502
14 19530.518
14 19565.820
14 19574.032
14 19697.620
14 19947.874
14 20013.439
14 20018.296
14 20247.676
14 20504.134
14 20506.534
14 21131.535
14 21283.564
14 22057.728
15 18790.798
15 18969.665
15 19113.665
15 19123.665
15 19156.259
15 19317.107
15 19353.976
15 19421.239
15 19458.220
15 19471.134
15 19515.105
15 19594.753
15 19644.799
15 19731.719
15 19782.359
15 19947.300
15 19959.471
15 20069.286
15 20114.051
15 20115.081
15 20351.035
15 20360.427
15 20397.994
15 20448.781
15 20505.604
15 20793.873
15 21107.335
15 21172.831
15 21353.255
15 21576.621
16 19185.181
16 19313.337
16 19349.914
16 19364.636
16 19500.413
16 19535.350
16 19561.818
16 19669.580
16 19791.836
16 19835.914
16 19842.073
16 20059.423
16 20123.858
16 20222.450
16 20254.299
16 20330.485
16 20366.872
16 20405.089
16 20415.707
16 20445.280
16 20712.636
16 20729.671
16 20781.131
16 20856.948
16 20868.181
16 20868.664
16 20900.252
16 20954.714
16 21146.060
16 21230.717
17 21605.478
17 21693.093
17 21726.539
17 21733.979
17 21753.186
17 21761.033
17 21763.651
17 21766.797
17 21798.593
17 21805.511
17 21837.152
17 21841.922
17 21843.614
17 21850.252
17 21868.300
17 21871.750
17 21885.633
17 21888.906
17 21895.393
17 21937.590
17 21955.530
17 22011.125
17 22014.232
17 22016.883
17 22026.605
17 22029.340
17 22060.780
17 22078.629
17 22154.688
17 22751.821
18 23075.796
18 23116.669
18 23290.874
18 23435.168
18 23577.547
18 23593.669
18 23638.388
18 23705.446
18 23776.981
18 23782.659
18 23787.094
18 23795.834
18 23846.142
18 23850.019
18 23850.303
18 23855.142
18 23858.362
18 23861.288
18 23899.498
18 23919.206
18 23946.808
18 23975.201
18 23996.278
18 24002.971
18 24031.539
18 24085.814
18 24125.177
18 24179.819
18 24275.173
18 25041.020
19 22088.531
19 22411.526
19 22457.789
19 22718.578
19 22929.851
19 23267.155
19 23346.297
19 23351.834
19 23353.306
19 23378.150
19 23413.226
19 23435.289
19 23462.232
19 23475.311
19 23608.872
19 23610.097
19 23616.882
19 23642.162
19 23645.380
19 23699.992
19 23753.711
19 23765.308
19 23781.348
19 23792.087
19 23811.707
19 23851.288
19 23862.378
19 23866.250
19 23883.608
19 23968.279
20 24114.943
20 24123.055
20 24324.124
20 24364.457
20 24370.816
20 24408.261
20 24411.902
20 24419.560
20 24444.338
20 24474.563
20 24476.661
20 24483.265
20 24498.760
20 24515.017
20 24520.704
20 24545.801
20 24564.929
20 24578.394
20 24595.559
20 24621.606
20 24626.848
20 24634.613
20 24634.763
20 24635.295
20 24674.817
20 24730.742
20 24757.665
20 24815.529
20 24943.621
20 24989.797
21 25116.301
21 25373.371
21 25412.373
21 25581.796
21 25594.321
21 25597.499
21 25623.153
21 25705.801
21 25785.253
21 25852.068
21 25895.552
21 25895.810
21 25899.497
21 25903.800
21 25925.349
21 25928.235
21 25964.794
21 25974.417
21 25991.445
21 26061.702
21 26062.578
21 26068.636
21 26073.809
21 26076.396
21 26083.220
21 26098.301
21 26116.714
21 26124.571
21 26183.987
21 26263.755
22 26293.710
22 26305.975
22 26501.341
22 26671.703
22 26696.874
22 26703.506
22 26720.083
22 26842.730
22 26910.802
22 26916.096
22 27077.613
22 27136.305
22 27152.539
22 27280.971
22 27291.830
22 27343.109
22 27421.435
22 27584.935
22 27614.469
22 27660.090
22 27711.953
22 27832.196
22 27856.580
22 27984.796
22 28025.494
22 28210.997
22 28251.696
22 28267.600
22 28408.724
22 28470.027
23 26667.382
23 26671.678
23 26744.647
23 26746.622
23 26822.171
23 26890.090
23 26901.728
23 26905.121
23 26905.234
23 26914.383
23 26929.653
23 26945.689
23 26974.035
23 26990.091
23 27015.425
23 27038.393
23 27041.690
23 27055.915
23 27055.919
23 27057.075
23 27059.266
23 27081.084
23 27112.867
23 27120.009
23 27126.985
23 27135.111
23 27148.941
23 27189.820
23 27218.170
23 27265.493
24 27814.927
24 27892.445
24 27894.129
24 27932.641
24 27995.890
24 28000.096
24 28010.233
24 28010.652
24 28100.241
24 28104.107
24 28121.950
24 28136.560
24 28231.760
24 28701.955
24 28757.971
24 28777.079
24 28785.030
24 28858.030
24 28859.658
24 28878.223
24 28888.437
24 28922.396
24 28970.620
24 29005.368
24 29038.329
24 29081.162
24 29104.395
24 29110.633
24 29144.596
24 29243.306
25 28666.228
25 28727.897
25 28768.471
25 28768.823
25 28812.325
25 28816.825
25 28822.061
25 28824.281
25 28839.111
25 28843.790
25 28870.473
25 28873.829
25 28877.239
25 28880.293
25 28882.120
25 28896.017
25 28934.287
25 28966.871
25 28986.788
25 28998.013
25 29035.510
25 29117.843
25 29129.584
25 29170.023
25 29261.915
25 29307.202
25 29314.953
25 29450.191
25 29501.078
25 29654.063
26 29009.363
26 29054.934
26 29117.277
26 29149.755
26 29161.935
26 29166.528
26 29199.702
26 29218.584
26 29224.013
26 29237.601
26 29248.620
26 29259.492
26 29261.623
26 29269.855
26 29278.784
26 29284.404
26 29292.382
26 29295.974
26 29326.401
26 29402.088
26 29412.769
26 29413.422
26 29420.322
26 29473.464
26 29545.267
26 29565.390
26 29735.354
26 29820.618
26 29822.949
26 29868.246
27 29389.057
27 29412.069
27 29426.472
27 29438.806
27 29452.032
27 29463.696
27 29483.193
27 29488.703
27 29491.834
27 29492.900
27 29497.817
27 29505.798
27 29509.805
27 29513.287
27 29519.034
27 29523.222
27 29526.985
27 29536.725
27 29545.987
27 29550.262
27 29552.828
27 29562.095
27 29577.833
27 29587.787
27 29595.487
27 29599.119
27 29603.620
27 29604.372
27 29614.327
27 29627.854
28 30711.157
28 30759.186
28 30858.491
28 30871.727
28 30872.543
28 30890.469
28 30907.590
28 30951.602
28 30978.357
28 31011.336
28 31043.928
28 31084.183
28 31107.769
28 31114.754
28 31119.153
28 31137.081
28 31148.987
28 31173.578
28 31189.098
28 31195.807
28 31206.966
28 31259.132
28 31330.231
28 31400.592
28 31415.812
28 31419.184
28 31514.233
28 31606.676
28 31890.526
28 31968.112
29 30996.458
29 31002.912
29 31050.863
29 31058.186
29 31066.644
29 31091.854
29 31099.519
29 31110.745
29 31124.349
29 31127.091
29 31135.535
29 31139.974
29 31142.198
29 31158.181
29 31159.482
29 31162.752
29 31162.956
29 31163.568
29 31190.010
29 31194.152
29 31201.915
29 31204.193
29 31211.500
29 31304.833
29 31321.174
29 31323.818
29 31342.608
29 31393.079
29 31433.365
29 31686.749
30 31442.666
30 31500.424
30 31500.606
30 31502.904
30 31506.037
30 31543.316
30 31544.559
30 31560.776
30 31562.775
30 31564.536
30 31574.282
30 31592.954
30 31650.395
30 31671.651
30 31672.066
30 31686.086
30 31707.539
30 31795.585
30 31806.291
30 31846.621
30 31861.445
30 31965.198
30 31968.733
30 32000.871
30 32116.057
30 32145.530
30 32159.362
30 32225.777
30 32290.268
30 32425.999
