0 14.299
0 14.410
0 14.456
0 14.500
0 14.539
0 14.542
0 14.566
0 14.601
0 14.656
0 14.674
0 14.678
0 14.775
0 14.786
0 14.806
0 14.829
0 14.855
0 14.904
0 14.933
0 14.961
0 14.986
0 15.355
0 15.382
0 16.179
0 16.251
0 16.279
0 16.451
0 16.609
0 16.724
0 17.079
0 17.199
1 1048.084
1 1048.541
1 1048.847
1 1050.157
1 1050.200
1 1050.826
1 1052.645
1 1054.133
1 1054.160
1 1054.344
1 1054.468
1 1055.322
1 1055.681
1 1056.253
1 1056.744
1 1057.923
1 1059.139
1 1059.272
1 1059.490
1 1060.550
1 1060.901
1 1062.264
1 1062.444
1 1062.552
1 1062.885
1 1063.050
1 1063.175
1 1064.783
1 1071.234
1 1078.039
2 2051.192
2 2057.792
2 2058.112
2 2060.020
2 2064.244
2 2064.786
2 2065.230
2 2065.901
2 2066.142
2 2066.272
2 2066.544
2 2066.831
2 2067.112
2 2067.312
2 2067.396
2 2068.907
2 2069.039
2 2069.107
2 2070.352
2 2071.400
2 2073.424
2 2073.750
2 2074.162
2 2074.851
2 2075.168
2 2080.142
2 2085.170
2 2088.097
2 2089.492
2 2090.292
3 3054.653
3 3056.782
3 3056.981
3 3058.728
3 3059.152
3 3061.874
3 3064.383
3 3064.477
3 3067.298
3 3068.499
3 3069.407
3 3080.507
3 3083.747
3 3087.246
3 3087.516
3 3087.631
3 3097.351
3 3104.104
3 3106.546
3 3107.952
3 3114.899
3 3119.369
3 3121.517
3 3123.223
3 3131.273
3 3136.659
3 3137.607
3 3143.197
3 3144.299
3 3153.387
4 4063.296
4 4063.627
4 4064.422
4 4065.223
4 4066.699
4 4067.291
4 4067.642
4 4067.713
4 4067.827
4 4068.099
4 4068.205
4 4070.028
4 4070.220
4 4070.395
4 4075.195
4 4075.778
4 4085.519
4 4089.107
4 4091.429
4 4091.566
4 4094.381
4 4094.652
4 4095.357
4 4097.085
4 4098.324
4 4106.591
4 4107.024
4 4110.431
4 4111.968
4 4120.180
5 5073.773
5 5074.317
5 5074.672
5 5075.763
5 5075.986
5 5078.576
5 5078.971
5 5081.956
5 5082.653
5 5082.765
5 5083.749
5 5084.407
5 5087.758
5 5088.847
5 5090.423
5 5094.168
5 5096.709
5 5097.413
5 5102.154
5 5105.278
5 5106.688
5 5107.992
5 5111.059
5 5117.581
5 5119.702
5 5120.159
5 5120.369
5 5122.623
5 5139.990
5 5146.808
6 6070.721
6 6072.701
6 6073.442
6 6076.275
6 6078.313
6 6081.544
6 6083.493
6 6085.299
6 6085.426
6 6086.828
6 6090.055
6 6094.192
6 6095.552
6 6101.753
6 6102.013
6 6111.036
6 6111.053
6 6113.286
6 6113.764
6 6114.338
6 6114.823
6 6117.417
6 6119.046
6 6121.274
6 6121.980
6 6122.618
6 6122.740
6 6123.559
6 6137.251
6 6145.202
7 7058.318
7 7060.644
7 7060.869
7 7061.308
7 7061.817
7 7063.469
7 7066.932
7 7068.569
7 7076.530
7 7078.381
7 7079.667
7 7082.473
7 7083.035
7 7087.985
7 7090.893
7 7095.364
7 7097.525
7 7101.243
7 7104.535
7 7108.546
7 7111.344
7 7112.684
7 7115.901
7 7116.775
7 7117.767
7 7121.830
7 7122.903
7 7122.987
7 7133.625
7 7149.050
8 8067.000
8 8075.715
8 8076.229
8 8076.396
8 8078.260
8 8078.526
8 8079.166
8 8081.428
8 8087.933
8 8088.148
8 8088.402
8 8090.845
8 8096.067
8 8096.137
8 8097.289
8 8110.021
8 8111.923
8 8113.833
8 8114.771
8 8117.437
8 8119.366
8 8122.348
8 8126.572
8 8127.843
8 8128.831
8 8129.059
8 8133.511
8 8145.789
8 8147.934
8 8180.043
9 9079.097
9 9079.614
9 9080.753
9 9083.571
9 9083.659
9 9087.441
9 9087.659
9 9087.871
9 9091.851
9 9094.939
9 9098.370
9 9100.254
9 9101.448
9 9103.104
9 9104.736
9 9108.551
9 9119.163
9 9122.316
9 9125.788
9 9128.777
9 9128.941
9 9129.705
9 9130.272
9 9133.903
9 9136.641
9 9137.524
9 9144.435
9 9144.731
9 9147.890
9 9164.044
10 10069.142
10 10076.471
10 10077.389
10 10078.697
10 10079.530
10 10079.662
10 10081.785
10 10085.165
10 10088.024
10 10091.024
10 10092.953
10 10094.096
10 10094.313
10 10102.623
10 10103.398
10 10107.437
10 10111.433
10 10112.430
10 10115.923
10 10116.084
10 10116.931
10 10117.225
10 10120.701
10 10121.796
10 10129.524
10 10129.692
10 10135.854
10 10157.217
10 10162.690
10 10165.727
11 11086.200
11 11093.002
11 11093.503
11 11104.028
11 11106.110
11 11106.887
11 11107.972
11 11108.332
11 11108.571
11 11109.115
11 11111.732
11 11112.839
11 11114.242
11 11116.580
11 11126.928
11 11128.758
11 11130.929
11 11131.773
11 11133.011
11 11134.430
11 11135.343
11 11136.799
11 11139.585
11 11142.562
11 11142.924
11 11145.125
11 11147.742
11 11149.495
11 11154.033
11 11170.829
12 12069.200
12 12069.708
12 12072.197
12 12073.247
12 12075.535
12 12075.961
12 12082.492
12 12083.904
12 12084.380
12 12085.741
12 12090.224
12 12091.307
12 12093.043
12 12098.129
12 12100.143
12 12107.844
12 12108.706
12 12113.273
12 12118.354
12 12119.898
12 12120.139
12 12121.850
12 12122.469
12 12122.953
12 12124.743
12 12127.209
12 12133.826
12 12144.890
12 12146.044
12 12162.070
13 13095.765
13 13095.961
13 13096.121
13 13096.883
13 13098.118
13 13098.139
13 13099.027
13 13099.545
13 13100.006
13 13106.651
13 13107.373
13 13113.353
13 13114.824
13 13117.006
13 13124.051
13 13132.966
13 13138.896
13 13140.536
13 13142.311
13 13142.603
13 13142.959
13 13145.152
13 13146.177
13 13146.524
13 13147.563
13 13149.446
13 13152.863
13 13161.302
13 13174.583
13 13197.633
14 14092.234
14 14092.882
14 14092.909
14 14095.468
14 14100.085
14 14100.678
14 14101.614
14 14103.801
14 14103.858
14 14103.954
14 14106.934
14 14108.168
14 14113.550
14 14116.297
14 14117.064
14 14117.908
14 14119.368
14 14120.273
14 14130.899
14 14131.057
14 14140.121
14 14147.018
14 14147.646
14 14148.690
14 14150.349
14 14150.434
14 14153.266
14 14156.556
14 14159.589
14 14162.284
15 15094.266
15 15094.619
15 15096.623
15 15106.379
15 15108.291
15 15109.210
15 15112.850
15 15119.844
15 15120.322
15 15120.657
15 15120.751
15 15122.988
15 15125.036
15 15125.107
15 15126.117
15 15129.325
15 15133.339
15 15133.388
15 15135.296
15 15136.160
15 15136.881
15 15141.695
15 15145.920
15 15146.844
15 15150.933
15 15153.967
15 15155.324
15 15155.934
15 15160.684
15 15203.216
16 16085.223
16 16085.243
16 16087.463
16 16088.950
16 16090.137
16 16093.006
16 16093.029
16 16099.327
16 16101.765
16 16106.022
16 16109.774
16 16111.039
16 16112.853
16 16113.219
16 16116.919
16 16118.052
16 16119.445
16 16119.935
16 16128.007
16 16131.582
16 16133.383
16 16134.862
16 16137.595
16 16140.675
16 16142.680
16 16143.097
16 16160.070
16 16160.719
16 16165.724
16 16216.908
17 17093.433
17 17094.927
17 17099.935
17 17101.778
17 17102.130
17 17102.415
17 17105.621
17 17106.162
17 17108.320
17 17108.989
17 17109.060
17 17109.833
17 17111.179
17 17116.587
17 17133.614
17 17134.544
17 17134.760
17 17136.370
17 17138.522
17 17138.760
17 17147.830
17 17148.414
17 17150.887
17 17152.437
17 17154.417
17 17155.041
17 17156.608
17 17160.719
17 17161.565
17 17181.533
18 18086.174
18 18091.700
18 18096.596
18 18100.376
18 18101.198
18 18107.639
18 18108.262
18 18108.656
18 18113.490
18 18114.399
18 18117.234
18 18118.524
18 18127.470
18 18128.293
18 18130.647
18 18135.574
18 18140.410
18 18142.620
18 18143.723
18 18144.090
18 18145.282
18 18152.045
18 18152.539
18 18153.802
18 18156.633
18 18157.217
18 18166.814
18 18167.586
18 18174.226
18 18175.752
19 19078.720
19 19080.617
19 19090.265
19 19092.553
19 19093.714
19 19096.477
19 19100.093
19 19107.640
19 19109.994
19 19110.878
19 19111.317
19 19112.460
19 19113.350
19 19116.407
19 19118.489
19 19126.534
19 19126.628
19 19128.972
19 19129.729
19 19131.220
19 19131.739
19 19132.522
19 19133.405
19 19133.927
19 19135.679
19 19136.837
19 19145.118
19 19148.752
19 19184.677
19 19187.334
20 20087.723
20 20089.043
20 20092.901
20 20094.937
20 20095.685
20 20098.955
20 20100.311
20 20103.429
20 20106.364
20 20107.754
20 20109.370
20 20109.869
20 20114.007
20 20117.551
20 20120.889
20 20123.241
20 20124.895
20 20124.910
20 20131.072
20 20132.105
20 20132.809
20 20139.677
20 20142.007
20 20143.764
20 20145.248
20 20146.709
20 20150.681
20 20152.285
20 20160.828
20 20178.461
21 21085.457
21 21087.236
21 21093.154
21 21094.649
21 21095.109
21 21097.801
21 21099.663
21 21100.363
21 21100.385
21 21100.673
21 21102.256
21 21107.847
21 21110.909
21 21112.843
21 21112.940
21 21113.142
21 21117.134
21 21120.836
21 21120.979
21 21124.562
21 21127.515
21 21131.392
21 21133.141
21 21133.886
21 21135.652
21 21137.541
21 21140.586
21 21140.801
21 21150.829
21 21155.874
22 22085.453
22 22087.496
22 22097.461
22 22100.108
22 22101.254
22 22101.356
22 22111.036
22 22111.828
22 22112.667
22 22112.877
22 22118.049
22 22120.991
22 22124.873
22 22126.693
22 22127.064
22 22127.367
22 22128.533
22 22128.984
22 22129.449
22 22133.097
22 22137.269
22 22139.601
22 22145.434
22 22148.147
22 22151.496
22 22153.444
22 22153.896
22 22155.198
22 22156.712
22 22158.226
23 23062.323
23 23079.237
23 23082.952
23 23083.140
23 23083.497
23 23086.322
23 23089.522
23 23091.955
23 23101.096
23 23101.440
23 23104.330
23 23104.721
23 23107.944
23 23113.364
23 23114.195
23 23115.919
23 23115.921
23 23123.517
23 23124.303
23 23126.260
23 23126.843
23 23127.247
23 23127.556
23 23127.997
23 23134.004
23 23135.757
23 23137.266
23 23138.104
23 23143.068
23 23175.298
24 24096.663
24 24100.114
24 24102.722
24 24103.619
24 24117.754
24 24128.704
24 24144.562
24 24144.985
24 24148.830
24 24153.265
24 24157.253
24 24160.449
24 24182.701
24 24183.636
24 24183.811
24 24185.961
24 24187.336
24 24192.230
24 24220.233
24 24223.169
24 24224.351
24 24226.396
24 24227.556
24 24231.198
24 24233.548
24 24234.214
24 24239.646
24 24263.798
24 24276.593
24 24299.947
25 25086.684
25 25088.171
25 25099.759
25 25101.295
25 25102.037
25 25105.677
25 25105.682
25 25110.779
25 25111.398
25 25115.835
25 25115.997
25 25116.292
25 25116.963
25 25119.004
25 25120.255
25 25121.667
25 25126.538
25 25127.024
25 25128.516
25 25129.770
25 25130.032
25 25136.233
25 25137.833
25 25140.244
25 25141.755
25 25142.730
25 25143.222
25 25143.914
25 25148.743
25 25164.902
26 26081.325
26 26088.079
26 26089.676
26 26095.401
26 26098.734
26 26100.844
26 26101.264
26 26105.776
26 26110.343
26 26110.834
26 26113.060
26 26113.775
26 26118.391
26 26123.011
26 26123.880
26 26126.267
26 26126.267
26 26128.992
26 26130.527
26 26133.145
26 26134.277
26 26134.320
26 26136.354
26 26137.180
26 26137.845
26 26140.536
26 26140.577
26 26146.255
26 26150.530
26 26158.229
27 27084.157
27 27091.822
27 27095.800
27 27096.897
27 27098.934
27 27099.500
27 27099.651
27 27104.078
27 27104.830
27 27109.897
27 27110.026
27 27113.183
27 27114.396
27 27114.425
27 27119.624
27 27122.196
27 27124.386
27 27130.228
27 27131.597
27 27132.408
27 27133.490
27 27135.069
27 27139.045
27 27141.248
27 27146.688
27 27147.744
27 27154.274
27 27154.543
27 27163.668
27 27218.817
28 28080.822
28 28082.290
28 28089.188
28 28090.942
28 28096.237
28 28097.412
28 28098.713
28 28100.286
28 28104.137
28 28105.419
28 28107.859
28 28110.547
28 28110.807
28 28114.852
28 28116.176
28 28122.795
28 28123.855
28 28129.160
28 28130.168
28 28135.447
28 28136.833
28 28146.130
28 28146.352
28 28148.390
28 28154.983
28 28155.456
28 28155.606
28 28159.621
28 28171.802
28 28178.439
29 29079.014
29 29083.314
29 29094.391
29 29098.277
29 29099.571
29 29100.204
29 29100.821
29 29105.403
29 29106.887
29 29109.394
29 29111.007
29 29111.055
29 29112.316
29 29114.747
29 29116.403
29 29124.643
29 29129.308
29 29132.507
29 29132.754
29 29135.055
29 29135.385
29 29138.177
29 29140.530
29 29140.767
29 29141.256
29 29144.598
29 29145.616
29 29166.819
29 29170.782
29 29190.029
30 30093.965
30 30095.319
30 30097.433
30 30107.883
30 30109.083
30 30110.263
30 30110.477
30 30113.017
30 30115.458
30 30118.939
30 30120.547
30 30121.865
30 30122.008
30 30122.016
30 30123.813
30 30128.060
30 30128.858
30 30129.289
30 30131.086
30 30133.967
30 30137.381
30 30145.998
30 30146.550
30 30148.955
30 30150.305
30 30156.706
30 30157.589
30 30162.572
30 30175.400
30 30286.270
