0 14.172
0 14.172
0 14.172
0 14.172
0 14.172
0 14.172
0 14.314
0 14.467
0 14.539
0 14.575
0 14.576
0 14.576
0 14.576
0 14.576
0 14.577
0 14.577
0 14.577
0 14.577
0 14.577
0 14.577
0 14.728
0 15.066
0 15.123
0 15.166
0 15.193
0 15.235
0 15.426
0 15.534
0 17.592
0 18.906
1 1043.495
1 1049.680
1 1049.793
1 1049.995
1 1049.998
1 1050.088
1 1050.163
1 1050.206
1 1050.354
1 1050.663
1 1050.814
1 1051.438
1 1051.667
1 1052.339
1 1053.855
1 1054.709
1 1054.915
1 1058.079
1 1058.121
1 1059.856
1 1062.727
1 1063.397
1 1063.904
1 1063.951
1 1064.554
1 1066.251
1 1067.004
1 1068.559
1 1078.279
1 1111.306
2 2047.473
2 2059.125
2 2060.103
2 2060.559
2 2060.940
2 2061.218
2 2061.421
2 2061.879
2 2062.541
2 2062.805
2 2063.405
2 2065.146
2 2065.432
2 2066.169
2 2066.214
2 2067.511
2 2068.163
2 2068.509
2 2069.376
2 2073.768
2 2073.782
2 2074.240
2 2075.471
2 2076.853
2 2077.491
2 2077.951
2 2078.468
2 2081.241
2 2087.998
2 2089.187
3 3047.345
3 3048.536
3 3049.264
3 3049.663
3 3052.551
3 3055.377
3 3057.816
3 3058.520
3 3059.661
3 3061.663
3 3061.862
3 3063.960
3 3064.364
3 3065.097
3 3065.581
3 3065.629
3 3073.486
3 3074.685
3 3075.256
3 3078.163
3 3079.121
3 3083.114
3 3085.216
3 3085.758
3 3088.799
3 3091.703
3 3096.117
3 3104.071
3 3113.401
3 3113.867
4 4060.105
4 4062.358
4 4063.099
4 4066.076
4 4067.197
4 4067.303
4 4067.882
4 4070.122
4 4070.403
4 4071.919
4 4073.186
4 4077.680
4 4079.608
4 4081.373
4 4081.962
4 4088.948
4 4089.108
4 4089.925
4 4090.213
4 4090.604
4 4091.231
4 4093.808
4 4096.104
4 4099.235
4 4103.533
4 4106.627
4 4110.647
4 4110.922
4 4111.282
4 4119.244
5 5067.122
5 5067.765
5 5068.030
5 5074.830
5 5075.763
5 5077.206
5 5077.471
5 5078.222
5 5078.317
5 5080.374
5 5080.939
5 5081.123
5 5084.330
5 5084.933
5 5085.290
5 5087.364
5 5088.473
5 5089.603
5 5091.888
5 5095.281
5 5097.237
5 5102.603
5 5106.816
5 5113.599
5 5114.620
5 5119.641
5 5125.822
5 5129.549
5 5161.252
5 5235.957
6 6065.062
6 6066.568
6 6066.925
6 6067.767
6 6067.826
6 6067.897
6 6068.037
6 6068.572
6 6069.590
6 6071.085
6 6075.999
6 6079.247
6 6088.308
6 6088.338
6 6090.228
6 6090.403
6 6094.417
6 6102.931
6 6104.136
6 6104.531
6 6104.778
6 6107.269
6 6108.949
6 6112.566
6 6113.966
6 6125.758
6 6126.424
6 6129.109
6 6130.078
6 6151.739
7 7045.593
7 7046.955
7 7047.264
7 7055.159
7 7057.783
7 7059.907
7 7065.546
7 7068.933
7 7070.043
7 7073.603
7 7074.317
7 7074.565
7 7077.727
7 7081.015
7 7085.700
7 7088.153
7 7092.753
7 7094.019
7 7098.748
7 7101.158
7 7109.287
7 7109.531
7 7110.293
7 7111.266
7 7113.185
7 7114.421
7 7115.489
7 7121.181
7 7131.371
7 7173.100
8 8056.239
8 8061.674
8 8062.131
8 8064.109
8 8064.631
8 8065.145
8 8067.093
8 8069.465
8 8070.223
8 8072.838
8 8076.521
8 8083.133
8 8089.079
8 8091.533
8 8095.903
8 8096.241
8 8106.947
8 8108.178
8 8110.445
8 8116.997
8 8120.122
8 8121.045
8 8121.252
8 8125.291
8 8125.504
8 8126.436
8 8130.103
8 8132.433
8 8136.585
8 8138.247
9 9069.616
9 9071.407
9 9071.528
9 9071.695
9 9071.928
9 9072.737
9 9073.392
9 9075.579
9 9082.137
9 9090.674
9 9093.752
9 9095.156
9 9097.436
9 9100.614
9 9101.185
9 9101.813
9 9106.845
9 9114.524
9 9119.533
9 9127.996
9 9128.339
9 9131.257
9 9132.510
9 9133.321
9 9140.834
9 9147.425
9 9151.629
9 9155.109
9 9161.749
9 9202.484
10 10062.098
10 10063.016
10 10070.908
10 10076.083
10 10077.728
10 10079.255
10 10080.317
10 10085.871
10 10087.732
10 10088.127
10 10088.414
10 10089.398
10 10092.598
10 10097.761
10 10098.902
10 10099.519
10 10099.572
10 10103.219
10 10106.183
10 10107.264
10 10107.791
10 10108.673
10 10111.206
10 10112.783
10 10127.490
10 10133.984
10 10142.646
10 10143.020
10 10152.119
10 10175.678
11 11060.269
11 11063.832
11 11064.016
11 11078.510
11 11080.045
11 11080.775
11 11082.612
11 11085.456
11 11087.749
11 11093.575
11 11102.849
11 11109.461
11 11110.760
11 11112.140
11 11113.536
11 11121.825
11 11122.518
11 11123.786
11 11146.203
11 11147.725
11 11172.243
11 11175.935
11 11192.472
11 11200.160
11 11211.471
11 11216.074
11 11220.473
11 11223.370
11 11247.642
11 11268.541
12 12051.978
12 12052.881
12 12052.890
12 12053.868
12 12059.939
12 12060.839
12 12061.319
12 12068.573
12 12070.855
12 12079.621
12 12080.154
12 12096.413
12 12099.298
12 12100.209
12 12106.770
12 12108.218
12 12110.168
12 12112.163
12 12116.659
12 12117.970
12 12120.178
12 12122.895
12 12133.976
12 12138.635
12 12147.455
12 12150.529
12 12151.437
12 12151.906
12 12172.210
12 12172.650
13 13075.158
13 13082.098
13 13087.699
13 13088.737
13 13096.224
13 13098.043
13 13100.477
13 13107.350
13 13108.247
13 13111.639
13 13126.005
13 13129.149
13 13135.273
13 13139.471
13 13142.073
13 13143.227
13 13148.110
13 13153.290
13 13153.461
13 13161.588
13 13170.705
13 13171.100
13 13171.781
13 13179.338
13 13181.964
13 13182.286
13 13193.097
13 13193.392
13 13196.991
13 13235.232
14 14089.586
14 14092.389
14 14097.349
14 14098.808
14 14098.982
14 14101.190
14 14101.505
14 14111.524
14 14114.743
14 14116.320
14 14119.150
14 14119.696
14 14119.724
14 14130.870
14 14133.937
14 14135.523
14 14137.301
14 14137.464
14 14138.152
14 14148.964
14 14152.332
14 14152.976
14 14154.424
14 14154.844
14 14155.313
14 14155.872
14 14156.786
14 14157.952
14 14169.160
14 14182.545
15 15042.807
15 15044.924
15 15049.344
15 15051.813
15 15058.564
15 15062.395
15 15063.931
15 15065.372
15 15068.094
15 15075.297
15 15076.639
15 15082.549
15 15090.715
15 15095.591
15 15106.361
15 15116.452
15 15117.005
15 15119.504
15 15122.479
15 15125.129
15 15126.241
15 15127.950
15 15131.222
15 15151.197
15 15165.444
15 15169.614
15 15184.349
15 15202.792
15 15217.083
15 15279.466
16 16059.138
16 16062.746
16 16063.618
16 16064.681
16 16066.016
16 16067.973
16 16074.036
16 16077.753
16 16081.064
16 16081.527
16 16087.255
16 16095.225
16 16096.890
16 16105.956
16 16107.498
16 16109.565
16 16117.987
16 16118.352
16 16120.740
16 16123.371
16 16124.216
16 16124.870
16 16127.227
16 16134.270
16 16138.566
16 16149.910
16 16172.020
16 16179.157
16 16198.260
16 16203.307
17 17067.286
17 17071.241
17 17073.227
17 17074.929
17 17076.294
17 17076.437
17 17076.769
17 17078.838
17 17087.888
17 17089.473
17 17091.315
17 17096.735
17 17099.765
17 17100.593
17 17107.316
17 17109.797
17 17121.708
17 17123.090
17 17127.350
17 17135.523
17 17138.422
17 17139.978
17 17153.795
17 17155.948
17 17158.528
17 17162.658
17 17168.697
17 17170.871
17 17173.410
17 17209.377
18 18081.584
18 18089.652
18 18091.585
18 18093.779
18 18094.066
18 18095.417
18 18099.053
18 18110.872
18 18111.494
18 18114.605
18 18119.889
18 18121.429
18 18123.119
18 18127.526
18 18127.564
18 18133.727
18 18133.742
18 18137.984
18 18144.322
18 18149.800
18 18166.763
18 18178.026
18 18179.101
18 18181.399
18 18186.031
18 18189.385
18 18192.027
18 18200.091
18 18201.665
18 18206.620
19 19083.740
19 19091.694
19 19092.266
19 19093.784
19 19096.024
19 19097.238
19 19098.140
19 19098.263
19 19100.678
19 19103.901
19 19106.731
19 19109.789
19 19111.367
19 19128.492
19 19136.018
19 19137.513
19 19139.004
19 19143.705
19 19143.856
19 19148.314
19 19156.857
19 19160.809
19 19161.128
19 19161.148
19 19162.720
19 19163.008
19 19169.054
19 19180.091
19 19183.386
19 19184.903
20 20065.682
20 20067.674
20 20069.977
20 20071.823
20 20072.116
20 20076.110
20 20085.633
20 20086.429
20 20100.683
20 20103.962
20 20105.222
20 20112.077
20 20112.484
20 20113.107
20 20114.447
20 20134.271
20 20135.574
20 20139.437
20 20141.099
20 20142.772
20 20144.834
20 20145.698
20 20146.277
20 20148.690
20 20151.983
20 20175.588
20 20176.458
20 20177.768
20 20184.082
20 20199.994
21 21078.382
21 21083.361
21 21090.595
21 21095.228
21 21102.080
21 21102.815
21 21146.001
21 21147.487
21 21147.633
21 21149.496
21 21166.094
21 21171.729
21 21172.516
21 21178.762
21 21199.151
21 21230.585
21 21231.519
21 21246.425
21 21247.676
21 21249.855
21 21257.966
21 21281.385
21 21298.204
21 21302.293
21 21307.859
21 21311.238
21 21314.411
21 21316.871
21 21331.184
21 21334.152
22 22064.720
22 22066.186
22 22066.226
22 22066.753
22 22068.478
22 22073.842
22 22082.994
22 22084.631
22 22088.633
22 22088.642
22 22089.805
22 22090.672
22 22095.664
22 22096.329
22 22104.078
22 22107.575
22 22114.808
22 22126.540
22 22127.768
22 22137.653
22 22140.365
22 22151.984
22 22163.021
22 22172.875
22 22176.189
22 22187.741
22 22199.614
22 22203.200
22 22206.768
22 22212.566
23 23079.681
23 23080.141
23 23084.244
23 23084.366
23 23088.589
23 23090.976
23 23092.057
23 23096.411
23 23099.535
23 23105.826
23 23110.356
23 23110.511
23 23115.057
23 23118.558
23 23119.777
23 23120.931
23 23125.571
23 23135.918
23 23147.850
23 23152.312
23 23154.871
23 23158.027
23 23165.337
23 23172.167
23 23174.499
23 23187.854
23 23195.433
23 23195.825
23 23236.535
23 23253.332
24 24073.718
24 24092.956
24 24096.443
24 24098.315
24 24100.930
24 24102.144
24 24102.555
24 24104.803
24 24114.333
24 24114.397
24 24115.469
24 24118.652
24 24118.697
24 24124.928
24 24125.777
24 24128.401
24 24134.389
24 24141.165
24 24148.686
24 24156.216
24 24159.569
24 24172.642
24 24173.512
24 24175.949
24 24178.582
24 24187.676
24 24200.696
24 24210.821
24 24219.278
24 24220.495
25 25076.807
25 25078.610
25 25079.351
25 25082.025
25 25082.836
25 25086.034
25 25087.350
25 25090.426
25 25090.492
25 25090.592
25 25100.740
25 25100.789
25 25105.126
25 25115.888
25 25117.821
25 25117.919
25 25127.476
25 25131.832
25 25134.169
25 25135.114
25 25137.687
25 25142.419
25 25142.905
25 25150.320
25 25153.120
25 25154.689
25 25155.194
25 25186.379
25 25191.217
25 25204.911
26 26073.187
26 26076.962
26 26078.547
26 26082.626
26 26083.602
26 26088.437
26 26089.517
26 26091.600
26 26096.718
26 26098.942
26 26099.918
26 26101.195
26 26102.895
26 26103.992
26 26105.132
26 26118.923
26 26122.699
26 26147.310
26 26149.227
26 26156.808
26 26159.315
26 26159.815
26 26162.122
26 26167.086
26 26170.924
26 26173.817
26 26181.740
26 26194.022
26 26202.682
26 26205.952
27 27063.435
27 27082.996
27 27086.314
27 27089.208
27 27093.030
27 27097.737
27 27100.685
27 27102.736
27 27117.297
27 27120.145
27 27121.087
27 27123.531
27 27127.374
27 27128.629
27 27130.000
27 27130.974
27 27135.243
27 27136.731
27 27138.257
27 27140.315
27 27144.019
27 27148.233
27 27152.245
27 27158.148
27 27159.409
27 27165.826
27 27174.033
27 27183.844
27 27188.339
27 27192.197
28 28068.794
28 28070.187
28 28070.271
28 28070.731
28 28071.105
28 28074.852
28 28075.608
28 28079.428
28 28081.614
28 28083.381
28 28084.745
28 28090.251
28 28099.331
28 28101.982
28 28102.383
28 28105.515
28 28106.274
28 28118.336
28 28125.106
28 28126.251
28 28126.286
28 28131.097
28 28142.002
28 28144.830
28 28146.201
28 28159.026
28 28160.041
28 28172.002
28 28186.342
28 28188.833
29 29070.546
29 29071.369
29 29080.824
29 29083.415
29 29087.925
29 29088.758
29 29089.451
29 29098.219
29 29098.293
29 29100.192
29 29102.641
29 29109.587
29 29119.369
29 29124.187
29 29127.618
29 29127.674
29 29128.833
29 29137.860
29 29148.375
29 29151.787
29 29155.806
29 29157.682
29 29158.766
29 29161.373
29 29171.493
29 29175.552
29 29199.604
29 29204.926
29 29240.260
29 29263.761
30 30072.569
30 30079.954
30 30083.947
30 30084.208
30 30085.086
30 30088.402
30 30089.599
30 30091.766
30 30094.884
30 30095.933
30 30096.038
30 30099.442
30 30100.003
30 30118.461
30 30120.064
30 30125.001
30 30127.367
30 30131.189
30 30139.141
30 30142.002
30 30150.541
30 30151.152
30 30159.394
30 30165.311
30 30176.787
30 30177.078
30 30189.195
30 30224.015
30 30248.896
30 30330.251
