0 15.520
0 15.699
0 15.708
0 15.740
0 15.762
0 15.790
0 15.798
0 15.918
0 15.927
0 15.987
0 15.989
0 15.990
0 16.007
0 16.080
0 16.122
0 16.144
0 16.184
0 16.277
0 16.327
0 16.345
0 16.377
0 16.431
0 16.442
0 16.523
0 16.553
0 16.674
0 16.709
0 16.810
0 16.821
0 16.947
1 1063.304
1 1065.690
1 1065.865
1 1066.052
1 1066.101
1 1066.318
1 1070.887
1 1070.977
1 1071.168
1 1071.407
1 1071.430
1 1071.872
1 1071.922
1 1072.071
1 1072.367
1 1072.375
1 1073.191
1 1074.502
1 1074.523
1 1075.661
1 1075.712
1 1076.091
1 1080.816
1 1082.340
1 1083.151
1 1083.502
1 1083.627
1 1084.485
1 1087.790
1 1129.327
2 2071.477
2 2071.679
2 2072.183
2 2072.371
2 2072.947
2 2073.234
2 2073.749
2 2075.255
2 2076.482
2 2078.124
2 2079.907
2 2082.336
2 2083.435
2 2083.825
2 2084.421
2 2085.823
2 2086.789
2 2086.911
2 2088.047
2 2089.598
2 2090.438
2 2092.144
2 2093.535
2 2093.663
2 2095.160
2 2095.864
2 2099.341
2 2102.745
2 2107.577
2 2142.545
3 3079.388
3 3081.163
3 3081.232
3 3081.976
3 3083.703
3 3084.992
3 3091.119
3 3093.073
3 3093.440
3 3095.854
3 3096.016
3 3098.487
3 3100.452
3 3105.197
3 3105.541
3 3108.221
3 3112.966
3 3114.824
3 3115.654
3 3117.483
3 3117.909
3 3118.961
3 3122.411
3 3122.536
3 3124.162
3 3124.173
3 3124.845
3 3127.826
3 3187.209
3 4247.961
4 4098.597
4 4105.342
4 4108.887
4 4109.296
4 4109.785
4 4110.196
4 4117.166
4 4117.656
4 4117.913
4 4120.372
4 4123.820
4 4124.565
4 4125.793
4 4126.698
4 4127.241
4 4127.627
4 4133.040
4 4138.434
4 4143.746
4 4152.264
4 4181.508
4 4187.487
4 4208.896
4 4359.612
4 4431.568
4 4620.080
4 4695.616
4 4749.133
4 5149.057
4 5470.017
5 5108.103
5 5110.722
5 5112.407
5 5113.225
5 5114.076
5 5114.578
5 5114.722
5 5115.457
5 5116.283
5 5117.352
5 5117.620
5 5118.258
5 5119.250
5 5134.493
5 5136.477
5 5146.335
5 5148.136
5 5155.154
5 5155.762
5 5155.995
5 5202.977
5 5227.187
5 5244.795
5 5339.771
5 5576.121
5 5686.257
5 6015.024
5 6271.332
5 6363.909
5 6441.285
6 6102.807
6 6105.526
6 6106.632
6 6112.922
6 6115.942
6 6117.214
6 6121.750
6 6133.445
6 6134.133
6 6134.443
6 6136.023
6 6144.035
6 6147.477
6 6147.497
6 6151.189
6 6152.148
6 6153.925
6 6160.023
6 6162.575
6 6162.990
6 6164.080
6 6169.176
6 6176.119
6 6183.279
6 6190.452
6 6241.212
6 6253.327
6 6331.353
6 6514.096
6 6552.424
7 7096.173
7 7096.218
7 7098.565
7 7100.239
7 7105.127
7 7105.402
7 7105.423
7 7106.172
7 7122.897
7 7123.350
7 7125.307
7 7129.024
7 7136.224
7 7144.045
7 7144.491
7 7146.281
7 7158.779
7 7234.009
7 7257.303
7 7264.581
7 7299.507
7 7322.105
7 7357.732
7 7451.847
7 7453.316
7 7473.542
7 7491.339
7 7519.643
7 7599.771
7 7739.231
8 8099.026
8 8104.631
8 8105.774
8 8109.535
8 8112.691
8 8114.404
8 8114.454
8 8128.393
8 8129.473
8 8130.196
8 8136.432
8 8137.847
8 8141.465
8 8145.138
8 8183.978
8 8186.585
8 8191.755
8 8192.733
8 8219.233
8 8235.314
8 8245.281
8 8287.833
8 8304.471
8 8319.515
8 8340.951
8 8357.543
8 8421.383
8 8672.024
8 8900.335
8 8914.138
9 9111.845
9 9123.994
9 9126.878
9 9132.226
9 9136.935
9 9140.015
9 9143.474
9 9143.767
9 9149.562
9 9163.420
9 9164.329
9 9169.485
9 9170.749
9 9175.353
9 9175.956
9 9186.024
9 9188.877
9 9191.124
9 9198.619
9 9257.048
9 9266.076
9 9266.156
9 9277.692
9 9278.766
9 9306.052
9 9324.078
9 9340.293
9 9349.448
9 9403.635
9 9456.857
10 10101.452
10 10101.505
10 10113.787
10 10114.358
10 10121.781
10 10122.308
10 10124.316
10 10125.861
10 10128.772
10 10130.387
10 10130.834
10 10131.060
10 10134.642
10 10141.806
10 10142.962
10 10157.126
10 10163.709
10 10167.317
10 10210.119
10 10229.960
10 10230.125
10 10265.330
10 10267.015
10 10282.759
10 10294.019
10 10300.347
10 10310.998
10 10321.906
10 10328.654
10 10456.358
11 11109.651
11 11115.588
11 11116.732
11 11121.192
11 11122.627
11 11123.770
11 11137.258
11 11140.018
11 11145.789
11 11147.322
11 11150.195
11 11156.712
11 11157.204
11 11163.123
11 11164.229
11 11164.301
11 11167.699
11 11173.129
11 11181.665
11 11184.435
11 11196.000
11 11217.376
11 11229.181
11 11238.042
11 11249.697
11 11286.122
11 11306.144
11 11324.912
11 11388.598
11 11563.389
12 12085.205
12 12098.485
12 12099.903
12 12101.839
12 12103.711
12 12107.682
12 12109.631
12 12111.755
12 12114.063
12 12123.060
12 12128.212
12 12131.615
12 12132.416
12 12133.579
12 12136.197
12 12138.557
12 12144.273
12 12145.329
12 12146.241
12 12151.521
12 12154.071
12 12155.663
12 12157.052
12 12160.025
12 12163.440
12 12165.633
12 12168.432
12 12168.595
12 12176.668
12 12181.228
13 13136.069
13 13141.214
13 13150.677
13 13150.777
13 13155.257
13 13164.620
13 13169.557
13 13171.786
13 13178.331
13 13187.352
13 13204.515
13 13214.851
13 13222.380
13 13225.706
13 13234.790
13 13247.334
13 13267.058
13 13274.582
13 13293.820
13 13334.451
13 13379.428
13 13454.508
13 13467.274
13 13495.215
13 13514.042
13 13517.762
13 13554.846
13 13655.609
13 13662.349
13 13692.041
14 14086.862
14 14090.175
14 14092.218
14 14098.011
14 14098.571
14 14101.325
14 14103.471
14 14105.579
14 14120.259
14 14120.634
14 14136.474
14 14140.056
14 14143.863
14 14144.745
14 14149.319
14 14152.508
14 14156.452
14 14163.880
14 14164.015
14 14167.359
14 14174.072
14 14201.015
14 14222.649
14 14302.492
14 14431.858
14 14493.809
14 14539.585
14 14560.011
14 14592.244
14 14641.429
15 15130.270
15 15139.765
15 15140.014
15 15149.712
15 15150.141
15 15153.709
15 15153.916
15 15155.121
15 15156.294
15 15156.652
15 15163.476
15 15165.428
15 15171.855
15 15178.403
15 15182.415
15 15189.636
15 15199.508
15 15206.652
15 15210.000
15 15256.170
15 15294.862
15 15313.006
15 15319.562
15 15375.440
15 15429.071
15 15438.678
15 15443.179
15 15455.153
15 15493.906
15 15654.758
16 16123.251
16 16125.198
16 16125.430
16 16126.329
16 16128.655
16 16133.566
16 16137.498
16 16137.728
16 16140.386
16 16147.639
16 16151.918
16 16154.827
16 16159.409
16 16160.227
16 16167.311
16 16171.419
16 16171.954
16 16176.979
16 16180.418
16 16182.599
16 16187.821
16 16188.487
16 16196.365
16 16196.669
16 16199.039
16 16214.687
16 16227.238
16 16229.001
16 16306.586
16 16442.473
17 17104.837
17 17113.200
17 17115.745
17 17133.567
17 17134.000
17 17140.692
17 17145.852
17 17149.661
17 17150.792
17 17158.246
17 17158.730
17 17160.901
17 17162.319
17 17165.362
17 17172.569
17 17184.896
17 17190.841
17 17192.671
17 17204.297
17 17221.852
17 17272.276
17 17436.154
17 17457.180
17 17563.981
17 17564.291
17 17567.715
17 17606.617
17 17866.801
17 18099.890
17 18254.558
18 18147.240
18 18148.795
18 18150.755
18 18152.067
18 18154.616
18 18157.469
18 18159.536
18 18160.767
18 18161.870
18 18164.324
18 18164.433
18 18167.906
18 18171.459
18 18174.735
18 18180.395
18 18181.252
18 18190.784
18 18190.944
18 18198.740
18 18202.854
18 18210.977
18 18250.439
18 18283.243
18 18320.355
18 18366.490
18 18406.385
18 18427.551
18 18727.573
18 18954.589
18 19080.876
19 19130.749
19 19137.030
19 19143.970
19 19146.161
19 19146.754
19 19148.402
19 19157.698
19 19158.202
19 19159.817
19 19159.878
19 19167.997
19 19168.000
19 19168.829
19 19172.219
19 19172.936
19 19181.384
19 19182.090
19 19182.847
19 19182.985
19 19189.663
19 19200.454
19 19231.651
19 19255.601
19 19266.121
19 19270.964
19 19499.850
19 19582.482
19 19620.318
19 19828.435
19 20154.279
20 20106.315
20 20128.899
20 20128.950
20 20134.229
20 20136.484
20 20140.213
20 20140.532
20 20141.332
20 20147.103
20 20153.741
20 20154.420
20 20154.655
20 20156.179
20 20156.412
20 20156.564
20 20160.044
20 20165.264
20 20166.170
20 20166.886
20 20167.543
20 20173.390
20 20174.055
20 20282.614
20 20365.154
20 20377.610
20 20402.208
20 20467.238
20 20531.695
20 20698.192
20 20820.846
21 21114.411
21 21129.638
21 21130.097
21 21133.963
21 21147.562
21 21151.012
21 21155.861
21 21157.362
21 21158.467
21 21162.108
21 21163.043
21 21165.293
21 21166.511
21 21172.639
21 21174.673
21 21179.917
21 21190.194
21 21192.512
21 21193.241
21 21239.543
21 21246.102
21 21253.885
21 21288.274
21 21357.885
21 21384.989
21 21423.075
21 21426.292
21 21434.422
21 21488.071
21 21765.027
22 22148.485
22 22171.797
22 22176.994
22 22184.100
22 22186.780
22 22215.169
22 22357.984
22 22368.764
22 22432.001
22 22482.809
22 22596.400
22 22597.465
22 22598.682
22 22634.828
22 22650.880
22 22666.166
22 22680.891
22 22692.638
22 22699.935
22 22711.949
22 22718.528
22 22760.588
22 22795.053
22 22818.711
22 22837.502
22 22844.617
22 22858.813
22 22892.454
22 22989.283
22 23126.371
23 23111.753
23 23146.280
23 23146.745
23 23147.737
23 23149.453
23 23153.884
23 23154.736
23 23154.873
23 23155.590
23 23160.181
23 23161.096
23 23165.922
23 23169.577
23 23169.632
23 23180.348
23 23184.428
23 23189.439
23 23190.315
23 23192.259
23 23194.271
23 23205.410
23 23209.379
23 23246.259
23 23307.508
23 23334.427
23 23391.337
23 23476.251
23 23533.759
23 23641.489
23 23733.376
24 24136.221
24 24161.807
24 24161.821
24 24164.374
24 24165.951
24 24177.647
24 24182.073
24 24201.298
24 24210.400
24 24217.638
24 24222.292
24 24231.032
24 24235.355
24 24235.984
24 24236.444
24 24244.177
24 24251.002
24 24258.139
24 24270.585
24 24270.903
24 24305.627
24 24324.120
24 24340.586
24 24345.513
24 24472.992
24 24564.811
24 24595.212
24 24844.819
24 25174.845
24 25645.551
25 25101.835
25 25104.736
25 25109.770
25 25118.994
25 25119.454
25 25119.760
25 25122.109
25 25124.682
25 25130.965
25 25138.465
25 25148.096
25 25148.225
25 25152.478
25 25157.263
25 25158.471
25 25180.655
25 25186.620
25 25188.645
25 25191.893
25 25193.650
25 25205.617
25 25212.974
25 25214.918
25 25225.398
25 25237.484
25 25280.376
25 25463.867
25 25513.637
25 25541.249
25 25571.253
26 26135.418
26 26144.487
26 26157.325
26 26161.222
26 26164.232
26 26166.815
26 26170.469
26 26176.871
26 26178.092
26 26187.373
26 26189.226
26 26190.574
26 26194.960
26 26197.610
26 26202.102
26 26216.459
26 26217.693
26 26308.143
26 26330.388
26 26381.520
26 26387.484
26 26411.846
26 26463.860
26 26465.544
26 26465.862
26 26498.838
26 26586.339
26 26617.186
26 26750.135
26 26776.453
27 27143.556
27 27150.642
27 27157.754
27 27173.211
27 27186.908
27 27192.726
27 27194.049
27 27200.682
27 27207.467
27 27211.610
27 27217.119
27 27217.716
27 27226.050
27 27231.154
27 27241.800
27 27245.483
27 27245.485
27 27254.137
27 27259.173
27 27273.932
27 27293.284
27 27310.260
27 27366.418
27 27433.408
27 27480.835
27 27513.094
27 27805.798
27 27815.344
27 27828.751
27 27888.701
28 28156.020
28 28157.400
28 28159.914
28 28162.920
28 28165.995
28 28167.120
28 28170.906
28 28171.970
28 28172.360
28 28172.679
28 28181.140
28 28185.996
28 28188.786
28 28205.251
28 28293.062
28 28336.570
28 28337.542
28 28344.215
28 28382.066
28 28386.549
28 28394.858
28 28433.608
28 28466.405
28 28530.889
28 28562.777
28 28569.800
28 28574.084
28 28663.129
28 28926.646
28 29265.252
29 29122.278
29 29136.421
29 29144.970
29 29148.197
29 29151.658
29 29157.737
29 29158.045
29 29159.071
29 29159.224
29 29159.751
29 29161.436
29 29162.155
29 29168.109
29 29175.059
29 29184.557
29 29186.882
29 29188.836
29 29197.371
29 29198.305
29 29198.404
29 29200.284
29 29228.063
29 29253.398
29 29257.622
29 29278.410
29 29280.734
29 29326.798
29 29372.988
29 29378.770
29 29433.765
30 30141.871
30 30161.204
30 30166.360
30 30198.058
30 30211.024
30 30221.117
30 30233.414
30 30248.962
30 30262.103
30 30276.022
30 30289.586
30 30293.422
30 30298.547
30 30298.648
30 30301.843
30 30311.080
30 30312.709
30 30314.868
30 30332.094
30 30334.443
30 30341.944
30 30388.733
30 30443.497
30 30515.499
30 30564.874
30 30575.730
30 31317.495
30 31336.753
30 31461.246
30 31488.530
