1 300.577 293.04 313.725
2 1312.84 1153.85 1407.62
3 2259.23 1894.74 3025.21
4 2707.64 2487.05 3067.09
5 3862.79 3692.31 4067.8
6 4468.85 4337.35 4660.19
7 5336.15 5233.64 5714.29
8 6309.82 6056.78 6643.6
10 7921.2 7692.31 8191.13
12 9554.04 9290.32 10000
14 11171 10838.7 12000
16 26938.9 24150.9 29538.5
20 39500.3 38095.2 40678
24 48301.9 48000 50087
28 59791.6 57435.9 60000
32 79355.5 75294.1 80000
40 95795.8 80000 118519
48 120000 120000 120000
56 120000 120000 120000
64 147594 120000 202105
80 239901 237037 240000
96 240000 240000 240000
112 239929 237876 240000
128 240000 240000 240000
160 240000 240000 240000
192 240000 240000 240000
224 240000 240000 240000
256 240000 240000 240000
320 239355 227219 240000
384 239758 232727 240000
420 239683 233875 240000
