1 302.769 291.262 323.887
2 1313.15 1167.88 1454.55
3 2192.96 1855.67 2857.14
4 2677.11 2513.09 3096.77
5 3804.05 3669.72 4195.8
6 4437.55 4298.51 5017.42
7 5361.12 5169.23 5894.74
8 6288.05 6095.24 7245.28
10 7788.19 7523.51 8191.13
12 9465.46 9230.77 10510.9
14 11100.5 10769.2 12584.3
16 26260.7 24458.6 28444.4
20 39543.1 37500 40336.1
24 48166 47603.3 50526.3
28 59288.1 55082 60000
32 79029.3 73846.2 80000
40 91009.1 80000 112941
48 120000 120000 120000
56 119965 118938 120000
64 133737 120000 165161
80 240000 240000 240000
96 240000 240000 240000
112 240000 240000 240000
128 240000 240000 240000
160 240000 240000 240000
192 240000 240000 240000
224 240000 240000 240000
256 240000 240000 240000
320 240000 240000 240000
384 239031 230977 240000
420 239202 232794 240000
