1 434.983 421.053 458.015
2 1732.48 1553.4 1860.47
3 2813.16 2448.98 3850.27
4 4043.38 3555.56 4660.19
5 4781.69 4494.38 5020.92
6 5148.01 5034.97 5413.53
7 5885.17 5733.79 6461.54
8 6678.19 6508.47 7007.3
10 8355.36 8053.69 9195.4
12 10061.3 9762.71 10827.1
14 11841.5 11428.6 12679.2
16 27868 25600 29767.4
20 42173.1 39344.3 47524.8
24 52163 48000 60000
28 60000 60000 60000
32 80000 80000 80000
40 99669.8 80000 120000
48 120000 120000 120000
56 120000 120000 120000
64 156175 120945 216338
80 240000 240000 240000
96 240000 240000 240000
112 240000 240000 240000
128 240000 240000 240000
160 240000 240000 240000
192 240000 240000 240000
224 240000 240000 240000
256 240000 240000 240000
320 240000 240000 240000
384 239552 232141 240000
420 239422 233875 240000
