# 100000000 46 46 46 1
# 10000000 458 458 458 1
# 1000000 4573.33 4569 4576 1.00153
# 100000 45651 45574 45690 1.00255
# 10000 452459 451888 453251 1.00302
# 1000 4.18835e+06 4180719 4192375 1.00279

1 1 0.99722 1.00279  
3 0.561807 0.508325 0.590319  
5 0.350188 0.328223 0.366332  
7 0.231625 0.228612 0.233927  
9 0.14999 0.14282 0.155313  
11 0.109429 0.108554 0.110234  
13 0.0897616 0.0879771 0.0924554  
15 0.0754196 0.0744599 0.0771349  
17 0.0677899 0.0664471 0.069539  
19 0.0603249 0.0598556 0.0611157  
21 0.054977 0.0544248 0.0556855  
23 0.0503828 0.05012 0.0507928  
25 0.0462032 0.045463 0.0466946  
27 0.0427711 0.0424311 0.0432511  
29 0.0400215 0.0397944 0.0404004  
31 0.0371415 0.0369294 0.0373263  
33 0.034989 0.0347638 0.0352901  
35 0.0326347 0.0321102 0.03337  
37 0.0306786 0.0304308 0.0309444  
39 0.0292326 0.0288724 0.0295403  
41 0.0276531 0.0272204 0.0279279  
43 0.026387 0.0262276 0.0265745  
45 0.0254443 0.025228 0.0257821  
47 0.0236174 0.0231836 0.0239394  
49 0.0227005 0.0226478 0.0227865  
51 0.0218713 0.0216631 0.0221156  
53 0.0210847 0.0207791 0.0213499  
55 0.0202686 0.0199588 0.0205162  
57 0.0198329 0.0196801 0.0200315  
59 0.0188835 0.018678 0.0190921  
61 0.0181747 0.0180247 0.0184561  
63 0.0178015 0.0176815 0.0179274  
65 0.0169556 0.0168433 0.0171327  
67 0.0162233 0.0161685 0.0163151  
69 0.0156105 0.0154383 0.0158151  
71 0.0148949 0.01474 0.0151249  
73 0.0144463 0.0143871 0.0145525  
75 0.0141657 0.0139616 0.0143003  
77 0.0134803 0.0131008 0.0138264  
79 0.0131522 0.0130875 0.0132278  
81 0.0126688 0.012537 0.0128392  
83 0.0122514 0.0121062 0.012464  
85 0.0112443 0.01041 0.0118182  
87 0.0116917 0.0116605 0.0117514  
89 0.0112681 0.0110684 0.0114214  
91 0.0106992 0.0105283 0.010812  
93 0.0108054 0.0106264 0.0110477  
95 0.010474 0.0103255 0.0107086  
97 0.0100779 0.00984718 0.0104263  
99 0.00999865 0.00984155 0.0102674  
101 0.00960756 0.00934649 0.00996327  
103 0.00955404 0.00917499 0.00975887  
105 0.00924561 0.00907905 0.00954254  
107 0.0090389 0.00885456 0.00937044  
109 0.00878001 0.00873031 0.00884803  
111 0.00848749 0.00824197 0.00862738  
113 0.0082507 0.00807077 0.00841349  
115 0.00806848 0.00785304 0.00824839  
117 0.00820745 0.0079619 0.00834568  
119 0.00778325 0.0077651 0.00780683  
121 0.00766446 0.00735981 0.00798601  
123 0.00771443 0.00719813 0.00798535  
125 0.0072978 0.00704707 0.00743758  
127 0.0072779 0.0069908 0.00754814  

1 1 0.996993 1.00302  
3 0.920025 0.904722 0.930129  
5 0.851685 0.848141 0.85517  
7 0.76482 0.756378 0.771304  
9 0.605685 0.595317 0.612146  
11 0.408437 0.406315 0.409945  
13 0.297725 0.28741 0.31697  
15 0.221802 0.208659 0.235365  
17 0.181317 0.173836 0.194358  
19 0.162532 0.15133 0.175938  
21 0.141169 0.13938 0.143301  
23 0.131569 0.128995 0.134063  
25 0.121811 0.119278 0.126337  
27 0.111265 0.10984 0.112583  
29 0.107947 0.105208 0.109781  
31 0.102042 0.100583 0.103137  
33 0.0977278 0.0963159 0.0991049  
35 0.0928637 0.0920503 0.0938148  
37 0.0869757 0.0845596 0.0888737  
39 0.0848565 0.0829805 0.0859266  
41 0.0800007 0.0785888 0.0815846  
43 0.0770886 0.0761852 0.0780879  
45 0.0736367 0.0726215 0.0743848  
47 0.0704336 0.0698786 0.0709149  
49 0.0688628 0.0673281 0.0697017  
51 0.0662297 0.0649737 0.0670812  
53 0.0635268 0.0626566 0.0646225  
55 0.060673 0.0603999 0.0608461  
57 0.0594577 0.0584717 0.0607395  
59 0.0569642 0.0561804 0.0574119  
61 0.0561966 0.0550944 0.0568115  
63 0.0535544 0.0533203 0.0537147  
65 0.0524662 0.0517084 0.0535985  
67 0.0502396 0.0501159 0.0503676  
69 0.0483269 0.0481414 0.048445  
71 0.0471219 0.0465709 0.047869  
73 0.045914 0.045131 0.0463246  
75 0.0441616 0.0437121 0.0448759  
77 0.0430374 0.0422243 0.043527  
79 0.0413025 0.0407815 0.0421264  
81 0.0394434 0.0390288 0.0397182  
83 0.0385152 0.0382821 0.0387924  
85 0.0378575 0.0375202 0.0383893  
87 0.0364815 0.0362298 0.0366512  
89 0.0357177 0.0352781 0.036335  
91 0.0348129 0.0343489 0.0352512  
93 0.0337496 0.0332357 0.034397  
95 0.0329838 0.0322414 0.0333772  
97 0.0321175 0.0318442 0.0325741  
99 0.0314393 0.0312146 0.031792  
101 0.0305761 0.0302874 0.0309852  
103 0.0295674 0.0292158 0.0298504  
105 0.0294117 0.0291965 0.029591  
107 0.0284224 0.0281046 0.0287147  
109 0.0277692 0.0274606 0.0282021  
111 0.0272738 0.026881 0.0275342  
113 0.0267221 0.026406 0.0269133  
115 0.0263674 0.0263174 0.0264076  
117 0.0257654 0.025692 0.0258255  
119 0.0249225 0.0247857 0.0250043  
121 0.0247431 0.0246108 0.0248793  
123 0.0240662 0.0239045 0.024309  
125 0.0236097 0.023306 0.0238001  
127 0.0233429 0.0232718 0.0234008  

1 1 0.997461 1.00255  
3 0.992581 0.990859 0.995239  
5 0.981506 0.979221 0.985944  
7 0.968463 0.967148 0.970604  
9 0.937311 0.936434 0.938976  
11 0.86755 0.865353 0.870616  
13 0.790323 0.785307 0.794625  
15 0.753222 0.746203 0.758545  
17 0.621203 0.617413 0.627655  
19 0.578386 0.572512 0.58822  
21 0.559632 0.508571 0.596345  
23 0.508207 0.487033 0.523501  
25 0.459067 0.446632 0.467433  
27 0.4071 0.382268 0.427736  
29 0.384299 0.362436 0.401004  
31 0.329422 0.311498 0.359425  
33 0.322465 0.302077 0.334479  
35 0.295211 0.267625 0.324718  
37 0.254853 0.241513 0.270749  
39 0.230611 0.227181 0.233222  
41 0.230532 0.227705 0.234409  
43 0.215305 0.208828 0.220849  
45 0.195755 0.19038 0.205122  
47 0.1745 0.171476 0.177889  
49 0.172758 0.167051 0.177518  
51 0.158137 0.156564 0.160844  
53 0.15276 0.150517 0.155656  
55 0.14413 0.14282 0.146519  
57 0.140538 0.13975 0.142104  
59 0.137409 0.135193 0.138909  
61 0.133182 0.131334 0.134332  
63 0.129071 0.128507 0.129806  
65 0.125309 0.125149 0.125581  
67 0.121772 0.12082 0.122497  
69 0.118398 0.118141 0.118833  
71 0.115659 0.115159 0.116122  
73 0.112757 0.112346 0.113519  
75 0.110431 0.109982 0.110837  
77 0.107609 0.107215 0.108348  
79 0.105279 0.104823 0.106105  
81 0.102545 0.102436 0.102757  
83 0.100577 0.100227 0.101199  
85 0.0981915 0.098049 0.0984196  
87 0.0963901 0.0959658 0.0971221  
89 0.0946623 0.0939797 0.0951602  
91 0.0927469 0.0921367 0.093178  
93 0.0908455 0.090216 0.091278  
95 0.0890584 0.0885372 0.08944  
97 0.0870667 0.0866492 0.0877365  
99 0.0856256 0.0850094 0.0860494  
101 0.0838623 0.0834637 0.0844098  
103 0.0820247 0.0817857 0.0822731  
105 0.0806503 0.0801328 0.0813218  
107 0.0793735 0.0790559 0.0798248  
109 0.0779489 0.077617 0.0784875  
111 0.0765392 0.076171 0.0771421  
113 0.0749333 0.0746105 0.0751964  
115 0.0740374 0.0736885 0.0745759  
117 0.0726436 0.0725205 0.0728302  
119 0.0718139 0.0714118 0.0721816  
121 0.0703688 0.0702724 0.0705236  
123 0.0693092 0.069163 0.0695119  
125 0.0682163 0.0680895 0.068393  
127 0.067593 0.0672467 0.0678695  

1 1 0.99847 1.00153  
3 0.999368 0.998543 1.00044  
5 0.998017 0.997159 0.999125  
7 0.996262 0.995224 0.997718  
9 0.993141 0.992254 0.994309  
11 0.983932 0.982776 0.985734  
13 0.972281 0.969153 0.977238  
15 0.957862 0.951909 0.968615  
17 0.946587 0.936677 0.959484  
19 0.924747 0.916832 0.934306  
21 0.910124 0.904366 0.920489  
23 0.896185 0.888986 0.909998  
25 0.890099 0.880638 0.905599  
27 0.849814 0.839897 0.860736  
29 0.843875 0.831203 0.855058  
31 0.819653 0.809194 0.83148  
33 0.807218 0.805123 0.810084  
35 0.779761 0.764885 0.802539  
37 0.75337 0.736044 0.766594  
39 0.748839 0.745803 0.753955  
41 0.731542 0.715877 0.744754  
43 0.71476 0.709927 0.719016  
45 0.686876 0.680963 0.696734  
47 0.66487 0.650726 0.687897  
49 0.655044 0.649328 0.658944  
51 0.646504 0.641673 0.651728  
53 0.620645 0.610325 0.629117  
55 0.615147 0.613887 0.616845  
57 0.59662 0.583203 0.606348  
59 0.58358 0.580834 0.585627  
61 0.572996 0.572026 0.574079  
63 0.560777 0.558556 0.562476  
65 0.551153 0.547929 0.556159  
67 0.536153 0.533931 0.539221  
69 0.523232 0.521299 0.526288  
71 0.509723 0.508926 0.510692  
73 0.497605 0.496279 0.498898  
75 0.484623 0.483054 0.487409  
77 0.477988 0.474875 0.480568  
79 0.463627 0.463071 0.464609  
81 0.455619 0.45417 0.458157  
83 0.449313 0.44859 0.45034  
85 0.437203 0.435446 0.439854  
87 0.428432 0.427618 0.429194  
89 0.420513 0.419607 0.422176  
91 0.412901 0.411449 0.414792  
93 0.405725 0.40347 0.407124  
95 0.396847 0.39611 0.397724  
97 0.390442 0.389549 0.391374  
99 0.383485 0.381986 0.385921  
101 0.377755 0.375967 0.380229  
103 0.371168 0.37011 0.372625  
105 0.365464 0.364244 0.366393  
107 0.360543 0.359147 0.362858  
109 0.355606 0.353357 0.357447  
111 0.349752 0.347916 0.35103  
113 0.343313 0.343004 0.343814  
115 0.339284 0.338351 0.340415  
117 0.334946 0.332833 0.336229  
119 0.331849 0.330429 0.33435  
121 0.325284 0.324098 0.326561  
123 0.321008 0.319308 0.322114  
125 0.317949 0.3171 0.318958  
127 0.31191 0.310325 0.313348  

1 1 1 1  
3 1 1 1  
5 0.999854 0.999563 1  
7 0.999272 0.999064 0.999376  
9 0.998302 0.997817 0.998787  
11 0.997155 0.997023 0.99742  
13 0.996137 0.995633 0.996641  
15 0.994663 0.994178 0.995197  
17 0.992337 0.992294 0.992422  
19 0.991113 0.991037 0.991151  
21 0.988598 0.987108 0.989915  
23 0.98614 0.985286 0.987089  
25 0.983086 0.980699 0.984978  
27 0.981589 0.978489 0.983665  
29 0.979822 0.978091 0.981479  
31 0.972625 0.969714 0.97563  
33 0.972498 0.971682 0.973534  
35 0.967436 0.965876 0.968309  
37 0.964515 0.961348 0.966541  
39 0.958646 0.953589 0.962826  
41 0.95903 0.958143 0.959793  
43 0.9564 0.954656 0.958718  
45 0.946353 0.942455 0.950412  
47 0.94478 0.943696 0.94574  
49 0.943276 0.941806 0.944301  
51 0.937295 0.933042 0.941776  
53 0.932932 0.931573 0.934704  
55 0.927696 0.925883 0.931044  
57 0.923734 0.922623 0.925305  
59 0.921274 0.919954 0.921952  
61 0.916792 0.915134 0.919357  
63 0.914212 0.912802 0.916337  
65 0.899395 0.89869 0.900638  
67 0.876078 0.87421 0.87799  
69 0.858595 0.853712 0.862161  
71 0.837587 0.835753 0.840181  
73 0.81781 0.816983 0.818448  
75 0.803775 0.801514 0.805444  
77 0.787539 0.785487 0.789514  
79 0.773138 0.770908 0.776353  
81 0.761964 0.758639 0.766376  
83 0.750189 0.74754 0.753354  
85 0.738068 0.735859 0.740945  
87 0.723042 0.722105 0.724866  
89 0.712853 0.709901 0.717678  
91 0.703929 0.700322 0.708719  
93 0.693267 0.687562 0.696201  
95 0.682058 0.680993 0.683498  
97 0.678131 0.672917 0.681268  
99 0.663645 0.661903 0.665895  
101 0.661867 0.658654 0.664231  
103 0.644246 0.641688 0.648281  
105 0.640431 0.638386 0.641776  
107 0.631344 0.626209 0.637004  
109 0.626297 0.616962 0.634109  
111 0.620035 0.619183 0.62174  
113 0.607818 0.601789 0.611392  
115 0.600133 0.597399 0.604841  
117 0.590646 0.587243 0.595622  
119 0.585703 0.582676 0.589134  
121 0.581406 0.57669 0.587571  
123 0.573372 0.568058 0.579561  
125 0.569205 0.565135 0.573904  
127 0.554986 0.554344 0.555445  

1 1 1 1  
3 1 1 1  
5 0.998551 0.995652 1  
7 1 1 1  
9 0.999195 0.997585 1  
11 1 1 1  
13 0.999443 0.998328 1  
15 0.999517 0.998551 1  
17 1 1 1  
19 1 1 1  
21 1 1 1  
23 0.997795 0.994329 1  
25 0.99942 0.998261 1  
27 0.999732 0.999195 1  
29 0.9995 0.99925 1  
31 0.999766 0.999299 1  
33 1 1 1  
35 0.999586 0.998758 1  
37 0.999412 0.999412 0.999412  
39 1 1 1  
41 0.99947 0.99894 1  
43 1 1 1  
45 0.999839 0.999517 1  
47 0.999537 0.999075 1  
49 0.999704 0.999113 1  
51 0.999147 0.998721 0.999574  
53 0.999727 0.99918 1  
55 0.999605 0.999209 1  
57 0.999873 0.999619 1  
59 0.999509 0.998895 1  
61 0.999406 0.998218 1  
63 0.999655 0.99931 1  
65 0.985507 0.985284 0.985953  
67 0.963011 0.959766 0.965607  
69 0.936148 0.934783 0.936988  
71 0.918351 0.916412 0.921617  
73 0.894779 0.889518 0.897856  
75 0.871691 0.871014 0.872174  
77 0.859119 0.857143 0.863072  
79 0.842873 0.839571 0.847276  
81 0.839685 0.838433 0.84058  
83 0.824079 0.821634 0.825563  
85 0.803666 0.799233 0.807928  
87 0.796185 0.791854 0.801099  
89 0.783423 0.780166 0.785784  
91 0.765568 0.763975 0.766603  
93 0.753234 0.750351 0.757597  
95 0.747902 0.744394 0.753547  
97 0.737711 0.730614 0.745182  
99 0.727639 0.725516 0.730127  
101 0.720835 0.719974 0.722342  
103 0.709512 0.706627 0.71317  
105 0.696825 0.695652 0.698965  
107 0.686035 0.675945 0.692605  
109 0.678301 0.670323 0.692461  
111 0.671824 0.670192 0.673325  
113 0.666603 0.659292 0.67853  
115 0.655325 0.648771 0.660113  
117 0.636442 0.631735 0.643999  
119 0.642492 0.637194 0.647424  
121 0.639358 0.632411 0.64337  
123 0.632556 0.629374 0.63503  
125 0.622261 0.615652 0.632522  
127 0.605386 0.600822 0.610236  
