1 10.004
1 10.004
1 10.004
1 10.004
1 10.004
1 10.004
1 10.004
1 10.004
1 10.004
1 10.005
1 10.263
1 10.289
1 10.289
1 10.290
1 10.290
1 10.290
1 10.290
1 10.290
1 10.290
1 10.290
1 10.290
1 10.290
1 10.290
1 10.750
1 10.987
1 11.111
1 11.119
1 11.168
1 11.617
1 11.629
2 9.477
2 9.477
2 9.477
2 9.477
2 9.477
2 9.477
2 9.477
2 9.477
2 9.477
2 9.480
2 9.739
2 9.762
2 9.882
2 9.883
2 9.883
2 9.883
2 10.003
2 10.004
2 10.004
2 10.078
2 10.171
2 10.204
2 10.252
2 10.326
2 10.336
2 11.011
2 11.262
2 11.317
2 11.557
2 12.109
3 9.477
3 9.477
3 9.587
3 9.653
3 9.653
3 9.782
3 9.828
3 9.828
3 9.856
3 9.923
3 9.924
3 10.018
3 10.018
3 10.019
3 10.055
3 10.194
3 10.237
3 10.275
3 10.289
3 10.390
3 10.426
3 10.461
3 10.629
3 10.667
3 10.683
3 10.732
3 10.780
3 10.944
3 11.060
3 11.095
4 14.151
4 15.457
4 15.480
4 15.504
4 15.510
4 15.515
4 15.522
4 15.527
4 15.561
4 15.578
4 15.711
4 15.863
4 16.172
4 16.195
4 16.326
4 16.449
4 16.648
4 16.683
4 16.767
4 17.728
4 20.506
4 25.033
4 26.066
4 26.757
4 32.582
4 32.676
4 33.851
4 36.139
4 37.536
4 104.432
5 51.418
5 60.484
5 67.023
5 87.448
5 93.766
5 95.884
5 99.446
5 100.536
5 104.743
5 107.285
5 109.824
5 112.007
5 113.223
5 115.046
5 120.183
5 124.483
5 128.837
5 161.743
5 168.787
5 178.003
5 178.072
5 178.627
5 183.264
5 186.171
5 187.616
5 188.774
5 204.301
5 204.512
5 208.499
5 215.451
6 48.549
6 50.183
6 50.424
6 50.541
6 50.600
6 50.955
6 51.041
6 54.158
6 56.341
6 58.033
6 58.963
6 59.813
6 60.536
6 63.542
6 66.280
6 71.152
6 82.911
6 84.449
6 84.896
6 90.141
6 90.638
6 94.541
6 95.153
6 95.668
6 97.234
6 104.338
6 108.791
6 119.856
6 120.743
6 130.835
7 110.859
7 111.364
7 113.003
7 115.123
7 121.476
7 122.670
7 125.376
7 132.242
7 142.307
7 142.755
7 144.114
7 152.755
7 155.319
7 157.273
7 166.416
7 169.133
7 170.862
7 175.716
7 177.747
7 184.360
7 184.547
7 187.505
7 188.097
7 188.832
7 195.218
7 196.647
7 206.386
7 206.645
7 212.815
7 254.982
8 84.700
8 104.655
8 117.661
8 118.969
8 121.746
8 142.583
8 142.992
8 143.502
8 147.587
8 147.844
8 153.656
8 156.659
8 158.081
8 163.963
8 171.882
8 180.563
8 182.184
8 188.146
8 189.983
8 200.672
8 202.794
8 206.428
8 208.950
8 213.398
8 218.553
8 228.975
8 229.778
8 230.697
8 231.749
8 240.941
10 100.257
10 103.962
10 106.542
10 108.939
10 114.762
10 116.033
10 119.793
10 120.785
10 121.069
10 124.598
10 125.300
10 125.418
10 126.940
10 132.038
10 132.077
10 135.139
10 135.493
10 138.400
10 141.008
10 142.765
10 143.467
10 147.076
10 147.159
10 151.360
10 154.629
10 155.446
10 156.142
10 159.211
10 162.964
10 175.285
12 251.176
12 251.763
12 262.804
12 275.661
12 277.942
12 279.235
12 294.407
12 299.433
12 299.955
12 300.597
12 300.878
12 306.215
12 306.626
12 307.048
12 310.155
12 310.686
12 312.346
12 313.741
12 315.558
12 318.622
12 318.629
12 319.596
12 322.812
12 327.594
12 330.789
12 332.136
12 336.122
12 366.712
12 397.286
12 403.248
14 246.679
14 250.577
14 287.535
14 294.789
14 297.019
14 298.007
14 301.074
14 313.049
14 313.446
14 317.982
14 322.640
14 325.315
14 329.648
14 335.874
14 341.035
14 341.280
14 347.627
14 351.720
14 353.041
14 353.353
14 366.779
14 370.469
14 380.085
14 392.381
14 418.324
14 446.121
14 448.745
14 463.993
14 476.421
14 482.448
16 343.613
16 367.608
16 381.639
16 382.847
16 394.677
16 395.598
16 398.536
16 401.082
16 401.160
16 401.580
16 410.789
16 418.583
16 418.718
16 425.409
16 436.073
16 446.537
16 446.937
16 452.479
16 456.102
16 456.273
16 469.998
16 471.859
16 476.007
16 480.605
16 506.528
16 509.072
16 513.259
16 544.767
16 591.165
16 595.428
20 763.335
20 767.138
20 769.166
20 770.304
20 771.372
20 772.630
20 773.870
20 774.181
20 774.567
20 775.068
20 775.667
20 776.653
20 777.551
20 778.789
20 779.655
20 781.314
20 782.604
20 785.644
20 788.253
20 789.045
20 792.367
20 810.534
20 812.509
20 828.345
20 839.358
20 844.167
20 847.066
20 850.102
20 854.097
20 868.135
24 606.316
24 616.581
24 621.895
24 623.151
24 634.387
24 634.689
24 635.307
24 637.705
24 643.624
24 645.272
24 651.716
24 661.007
24 663.318
24 668.423
24 670.157
24 674.902
24 676.007
24 679.231
24 680.470
24 683.336
24 684.428
24 688.025
24 688.722
24 692.780
24 692.786
24 694.730
24 709.401
24 719.325
24 728.998
24 741.462
28 728.521
28 736.570
28 752.768
28 753.762
28 762.255
28 762.424
28 768.544
28 770.487
28 771.690
28 774.505
28 781.351
28 783.184
28 787.128
28 788.411
28 791.726
28 791.747
28 791.781
28 792.050
28 796.993
28 797.154
28 798.893
28 799.897
28 801.248
28 801.799
28 803.006
28 810.287
28 819.488
28 822.440
28 839.027
28 850.712
32 1041.612
32 1043.036
32 1043.107
32 1045.335
32 1045.653
32 1050.442
32 1051.226
32 1052.925
32 1064.957
32 1066.565
32 1067.038
32 1069.407
32 1072.965
32 1074.321
32 1076.499
32 1077.421
32 1079.777
32 1083.398
32 1088.548
32 1090.658
32 1091.269
32 1095.015
32 1095.576
32 1095.818
32 1096.317
32 1098.625
32 1098.706
32 1107.874
32 1116.995
32 1135.205
40 1152.913
40 1162.125
40 1171.434
40 1176.135
40 1178.969
40 1186.530
40 1190.273
40 1203.708
40 1216.218
40 1272.840
40 1274.835
40 1280.394
40 1292.434
40 1294.193
40 1294.932
40 1299.832
40 1307.640
40 1311.557
40 1311.967
40 1314.083
40 1317.289
40 1326.504
40 1331.327
40 1347.578
40 1353.540
40 1358.674
40 1373.999
40 1374.195
40 1377.749
40 1382.198
48 915.977
48 934.359
48 970.179
48 976.186
48 979.593
48 985.213
48 985.419
48 988.097
48 992.001
48 1000.710
48 1000.927
48 1005.868
48 1009.721
48 1015.443
48 1043.440
48 1045.567
48 1072.982
48 1093.802
48 1096.789
48 1097.205
48 1098.994
48 1106.767
48 1107.771
48 1109.302
48 1118.295
48 1121.451
48 1124.076
48 1125.632
48 1141.609
48 1165.728
56 1021.921
56 1062.249
56 1096.247
56 1178.354
56 1240.413
56 1269.877
56 1300.360
56 1302.519
56 1317.037
56 1319.305
56 1356.438
56 1367.725
56 1368.263
56 1369.566
56 1373.192
56 1374.401
56 1380.666
56 1385.025
56 1391.296
56 1392.671
56 1397.968
56 1409.420
56 1410.395
56 1415.154
56 1416.363
56 1423.109
56 1424.272
56 1437.937
56 1440.463
56 1467.267
64 1132.431
64 1217.479
64 1262.999
64 1364.093
64 1373.642
64 1384.946
64 1393.965
64 1406.601
64 1406.956
64 1420.108
64 1423.286
64 1509.445
64 1581.158
64 1586.182
64 1598.299
64 1619.089
64 1641.148
64 1654.444
64 1655.027
64 1669.597
64 1678.914
64 1684.562
64 1691.567
64 1694.885
64 1704.592
64 1715.773
64 1740.101
64 1742.156
64 1742.504
64 1749.683
80 2235.094
80 2300.696
80 2366.549
80 2548.062
80 2559.193
80 2586.403
80 2716.445
80 2721.040
80 2721.466
80 2722.816
80 2724.447
80 2725.066
80 2729.173
80 2737.215
80 2751.880
80 2757.378
80 2758.637
80 2766.834
80 2768.273
80 2769.377
80 2773.314
80 2782.694
80 2793.336
80 2806.495
80 2807.204
80 2807.787
80 2809.267
80 2812.009
80 2813.037
80 2864.187
96 2971.763
96 3006.200
96 3334.201
96 3421.000
96 3430.875
96 3440.917
96 3489.890
96 3492.539
96 3510.798
96 3557.003
96 3569.077
96 3626.397
96 3634.039
96 3635.299
96 3642.558
96 3643.965
96 3644.759
96 3646.752
96 3647.851
96 3653.446
96 3655.529
96 3659.834
96 3732.892
96 3737.969
96 3749.101
96 3752.505
96 3770.843
96 3823.198
96 3836.966
96 3846.019
112 2121.729
112 2247.488
112 2293.634
112 2295.906
112 2307.145
112 2334.820
112 2340.508
112 2385.770
112 2399.197
112 2408.912
112 2409.119
112 2410.290
112 2427.297
112 2430.981
112 2459.915
112 2471.731
112 2473.463
112 2489.860
112 2493.966
112 2500.047
112 2501.191
112 2512.693
112 2522.589
112 2523.116
112 2542.860
112 2543.347
112 2554.453
112 2565.135
112 2569.264
112 2596.940
128 3008.066
128 3024.333
128 3026.052
128 3038.412
128 3070.114
128 3132.521
128 3200.182
128 3211.053
128 3213.021
128 3237.595
128 3254.411
128 3283.896
128 3404.729
128 3483.998
128 3860.537
128 3933.190
128 3995.157
128 4112.787
128 4215.945
128 4247.476
128 4301.197
128 4315.036
128 4329.725
128 4339.957
128 4352.975
128 4358.836
128 4431.553
128 4483.367
128 4517.894
128 4554.684
160 3249.346
160 3463.937
160 3507.123
160 3559.014
160 3559.826
160 3562.101
160 3578.731
160 3651.693
160 3672.376
160 4141.417
160 4400.510
160 4423.610
160 4451.527
160 4518.261
160 4572.079
160 4590.618
160 4611.421
160 4615.696
160 4652.961
160 4678.730
160 4705.979
160 4720.395
160 4753.604
160 4801.100
160 4848.132
160 4854.437
160 4922.692
160 5049.382
160 5230.516
160 5695.146
192 5016.566
192 5191.891
192 5281.734
192 5387.586
192 5412.027
192 5424.397
192 5426.475
192 5452.660
192 5524.891
192 5592.705
192 5623.771
192 5673.446
192 5693.884
192 5726.961
192 5810.199
192 5937.140
192 6204.050
192 6327.116
192 6369.363
192 6372.631
192 6414.946
192 6442.055
192 6576.227
192 6607.441
192 6703.125
192 6713.657
192 6796.190
192 6927.697
192 7263.154
192 7752.973
