1 13.425
1 14.576
1 14.576
1 14.576
1 14.576
1 14.576
1 14.576
1 14.576
1 14.576
1 14.576
1 14.576
1 14.576
1 14.576
1 14.576
1 14.576
1 14.576
1 14.576
1 14.576
1 14.576
1 14.576
1 14.576
1 14.576
1 14.576
1 15.041
1 15.129
1 15.372
1 15.417
1 15.963
1 16.551
1 17.096
2 13.425
2 13.425
2 13.425
2 13.425
2 13.425
2 13.425
2 13.425
2 13.425
2 13.425
2 13.426
2 13.476
2 13.523
2 13.538
2 13.554
2 13.573
2 13.631
2 13.748
2 13.768
2 13.798
2 13.931
2 14.001
2 14.001
2 14.288
2 14.401
2 14.474
2 14.941
2 15.039
2 15.091
2 16.051
2 16.809
3 13.425
3 13.425
3 13.516
3 13.549
3 13.564
3 13.728
3 13.781
3 13.816
3 13.849
3 13.922
3 13.980
3 14.020
3 14.099
3 14.116
3 14.123
3 14.190
3 14.192
3 14.265
3 14.267
3 14.543
3 14.615
3 14.634
3 14.690
3 14.800
3 14.970
3 15.032
3 15.212
3 15.323
3 15.383
3 15.411
4 13.768
4 13.799
4 13.834
4 13.834
4 13.834
4 13.841
4 13.875
4 13.938
4 14.028
4 14.042
4 14.079
4 14.094
4 14.129
4 14.172
4 14.218
4 14.257
4 14.283
4 14.298
4 14.304
4 14.326
4 14.367
4 14.428
4 14.603
4 14.661
4 14.674
4 14.756
4 14.770
4 15.050
4 16.007
4 16.515
5 13.731
5 13.814
5 13.819
5 13.819
5 14.003
5 14.017
5 14.117
5 14.136
5 14.150
5 14.169
5 14.195
5 14.210
5 14.265
5 14.289
5 14.314
5 14.368
5 14.418
5 14.432
5 14.448
5 14.458
5 14.528
5 14.655
5 14.751
5 14.765
5 14.772
5 14.918
5 14.923
5 15.163
5 15.528
5 15.690
6 13.941
6 14.036
6 14.052
6 14.069
6 14.083
6 14.101
6 14.151
6 14.220
6 14.351
6 14.360
6 14.377
6 14.396
6 14.403
6 14.418
6 14.475
6 14.480
6 14.491
6 14.526
6 14.545
6 14.562
6 14.566
6 14.775
6 14.795
6 14.801
6 14.876
6 14.900
6 14.904
6 14.971
6 15.005
6 15.130
7 13.682
7 13.749
7 13.804
7 13.808
7 13.899
7 13.919
7 14.015
7 14.041
7 14.057
7 14.086
7 14.220
7 14.246
7 14.263
7 14.314
7 14.321
7 14.370
7 14.401
7 14.483
7 14.537
7 14.563
7 14.605
7 14.628
7 14.786
7 14.839
7 14.928
7 14.957
7 15.188
7 15.292
7 15.801
7 16.836
8 13.705
8 13.707
8 13.903
8 13.942
8 14.076
8 14.240
8 14.255
8 14.294
8 14.323
8 14.330
8 14.415
8 14.452
8 14.473
8 14.476
8 14.586
8 14.610
8 14.712
8 14.828
8 14.875
8 14.913
8 15.227
8 15.305
8 15.439
8 15.544
8 15.551
8 15.591
8 15.593
8 15.655
8 15.808
8 16.306
10 13.724
10 13.740
10 13.771
10 13.932
10 14.002
10 14.013
10 14.059
10 14.118
10 14.137
10 14.140
10 14.255
10 14.260
10 14.287
10 14.323
10 14.348
10 14.378
10 14.432
10 14.531
10 14.632
10 14.696
10 14.891
10 14.925
10 15.055
10 15.114
10 15.128
10 15.219
10 15.314
10 15.369
10 15.524
10 15.821
12 14.205
12 14.282
12 14.334
12 14.360
12 14.378
12 14.433
12 14.445
12 14.462
12 14.477
12 14.496
12 14.544
12 14.554
12 14.586
12 14.588
12 14.605
12 14.653
12 14.674
12 14.828
12 14.851
12 14.887
12 14.945
12 14.963
12 15.002
12 15.013
12 15.051
12 15.141
12 15.211
12 15.269
12 15.273
12 15.274
14 14.294
14 14.301
14 14.381
14 14.400
14 14.425
14 14.468
14 14.473
14 14.486
14 14.571
14 14.588
14 14.591
14 14.627
14 14.651
14 14.669
14 14.679
14 14.684
14 14.821
14 14.824
14 14.836
14 14.856
14 14.856
14 14.867
14 15.037
14 15.073
14 15.111
14 15.163
14 15.169
14 15.251
14 15.507
14 15.517
16 14.197
16 14.306
16 14.326
16 14.342
16 14.346
16 14.347
16 14.399
16 14.430
16 14.464
16 14.501
16 14.549
16 14.598
16 14.690
16 14.703
16 14.760
16 14.902
16 14.971
16 15.026
16 15.039
16 15.081
16 15.110
16 15.217
16 15.446
16 15.447
16 15.520
16 15.584
16 15.600
16 15.698
16 15.948
16 16.331
20 14.442
20 14.447
20 14.469
20 14.487
20 14.544
20 14.693
20 14.694
20 14.701
20 14.722
20 14.919
20 14.926
20 15.036
20 15.684
20 15.711
20 15.727
20 15.735
20 15.745
20 15.800
20 15.809
20 15.815
20 15.839
20 16.038
20 16.226
20 16.447
20 16.477
20 16.534
20 16.800
20 16.862
20 16.883
20 17.244
24 14.867
24 14.929
24 14.985
24 14.995
24 15.046
24 15.126
24 15.294
24 15.447
24 15.535
24 15.710
24 15.710
24 15.722
24 15.757
24 15.869
24 15.911
24 15.968
24 16.333
24 16.734
24 16.750
24 16.837
24 16.935
24 16.956
24 17.261
24 17.371
24 17.683
24 17.945
24 18.110
24 18.189
24 18.210
24 35.866
28 14.477
28 14.488
28 14.489
28 14.499
28 14.503
28 14.508
28 14.527
28 14.527
28 14.554
28 14.560
28 14.566
28 14.575
28 14.587
28 14.603
28 14.611
28 14.628
28 14.637
28 14.866
28 15.059
28 15.161
28 15.185
28 15.194
28 15.335
28 15.439
28 15.555
28 15.563
28 15.936
28 16.138
28 16.436
28 17.159
32 14.518
32 14.547
32 14.565
32 14.574
32 14.605
32 14.620
32 14.621
32 14.624
32 14.636
32 14.658
32 14.662
32 14.708
32 14.719
32 14.759
32 14.831
32 14.877
32 14.911
32 15.148
32 15.217
32 15.370
32 15.437
32 15.449
32 15.457
32 15.584
32 15.713
32 15.718
32 15.856
32 16.084
32 16.512
32 17.606
40 18.418
40 18.469
40 18.618
40 18.683
40 18.686
40 18.803
40 18.807
40 18.833
40 18.876
40 18.887
40 18.924
40 18.937
40 19.010
40 19.024
40 19.058
40 19.114
40 19.133
40 19.173
40 19.274
40 19.427
40 19.459
40 19.695
40 19.712
40 19.874
40 19.884
40 19.902
40 20.007
40 20.007
40 20.101
40 20.484
48 16.272
48 16.320
48 16.331
48 16.415
48 16.441
48 16.443
48 16.573
48 16.626
48 16.665
48 16.688
48 16.725
48 16.807
48 16.831
48 16.931
48 16.963
48 17.010
48 17.091
48 17.214
48 17.225
48 17.366
48 17.441
48 17.501
48 17.793
48 17.823
48 17.862
48 17.885
48 17.990
48 18.281
48 19.068
48 36.603
56 19.698
56 20.063
56 20.098
56 20.154
56 20.336
56 20.344
56 20.387
56 20.550
56 20.682
56 20.716
56 20.730
56 20.838
56 20.884
56 20.900
56 20.998
56 21.074
56 21.079
56 21.097
56 21.195
56 21.196
56 21.219
56 21.239
56 21.316
56 21.326
56 21.366
56 21.416
56 21.425
56 21.450
56 21.457
56 21.496
64 18.181
64 18.404
64 18.439
64 18.472
64 18.629
64 18.655
64 18.655
64 18.762
64 18.795
64 18.818
64 18.904
64 18.941
64 18.960
64 18.978
64 18.994
64 19.032
64 19.089
64 19.141
64 19.142
64 19.176
64 19.306
64 19.333
64 19.406
64 19.427
64 19.437
64 19.441
64 19.502
64 19.523
64 19.938
64 20.214
80 21.596
80 23.869
80 23.880
80 24.434
80 24.459
80 24.838
80 24.906
80 24.933
80 24.983
80 24.994
80 25.021
80 25.188
80 25.229
80 25.272
80 25.347
80 25.393
80 25.484
80 25.495
80 25.515
80 25.518
80 25.571
80 25.576
80 25.790
80 25.810
80 26.404
80 26.438
80 26.619
80 26.772
80 27.000
80 27.271
96 19.956
96 20.623
96 20.658
96 20.713
96 20.770
96 20.850
96 20.939
96 20.939
96 21.044
96 21.101
96 21.125
96 21.148
96 21.197
96 21.203
96 21.308
96 21.406
96 21.490
96 21.553
96 21.562
96 21.573
96 21.615
96 21.665
96 21.685
96 21.715
96 21.716
96 22.089
96 22.238
96 22.249
96 22.789
96 24.104
112 19.145
112 19.193
112 19.404
112 19.489
112 19.619
112 19.797
112 19.843
112 19.854
112 19.899
112 19.907
112 20.013
112 20.030
112 20.047
112 20.084
112 20.253
112 20.260
112 20.562
112 20.574
112 20.606
112 20.654
112 20.780
112 20.916
112 20.917
112 20.967
112 21.016
112 21.145
112 21.323
112 21.367
112 21.555
112 21.571
128 21.788
128 22.169
128 22.452
128 22.482
128 22.563
128 22.564
128 22.644
128 22.711
128 22.882
128 22.885
128 22.887
128 22.907
128 22.919
128 22.942
128 23.025
128 23.032
128 23.068
128 23.130
128 23.147
128 23.193
128 23.226
128 23.249
128 23.252
128 23.413
128 23.446
128 23.462
128 23.561
128 23.783
128 23.811
128 24.091
160 21.382
160 21.408
160 21.446
160 21.474
160 21.560
160 21.564
160 21.600
160 21.644
160 21.728
160 21.738
160 21.791
160 21.816
160 21.833
160 21.896
160 21.915
160 21.977
160 22.076
160 22.316
160 22.317
160 22.318
160 22.462
160 22.587
160 22.614
160 22.666
160 22.682
160 22.873
160 23.026
160 23.125
160 23.445
160 23.756
192 21.374
192 21.479
192 21.587
192 21.641
192 21.700
192 21.713
192 21.873
192 21.897
192 21.909
192 21.974
192 21.992
192 22.157
192 22.168
192 22.214
192 22.258
192 22.296
192 22.330
192 22.334
192 22.342
192 22.360
192 22.372
192 22.546
192 22.557
192 22.810
192 23.024
192 23.077
192 23.137
192 23.289
192 23.314
192 24.761
