1 11.320
1 11.320
1 11.320
1 11.320
1 11.320
1 11.320
1 11.320
1 11.588
1 11.596
1 11.948
1 11.949
1 11.949
1 11.949
1 11.949
1 11.949
1 11.949
1 11.949
1 11.949
1 12.183
1 12.271
1 12.290
1 12.290
1 12.651
1 12.775
1 13.034
1 13.614
1 13.647
1 13.876
1 13.877
1 15.182
2 11.319
2 11.319
2 11.319
2 11.319
2 11.319
2 11.320
2 11.320
2 11.320
2 11.320
2 11.320
2 11.320
2 11.475
2 11.634
2 11.634
2 11.634
2 11.804
2 11.871
2 11.982
2 11.984
2 11.985
2 11.985
2 11.985
2 12.117
2 12.155
2 12.316
2 12.393
2 12.517
2 12.565
2 12.709
2 13.080
3 11.319
3 11.319
3 11.643
3 11.643
3 11.739
3 11.755
3 11.911
3 11.946
3 11.995
3 12.030
3 12.068
3 12.149
3 12.176
3 12.176
3 12.176
3 12.176
3 12.238
3 12.293
3 12.296
3 12.299
3 12.304
3 12.410
3 12.558
3 12.591
3 12.591
3 12.767
3 12.778
3 12.936
3 13.194
3 13.885
4 15.539
4 15.638
4 15.658
4 15.682
4 15.717
4 15.791
4 16.010
4 16.095
4 16.149
4 17.339
4 17.545
4 18.090
4 18.546
4 18.894
4 20.539
4 28.740
4 28.895
4 29.625
4 31.412
4 31.665
4 38.776
4 43.928
4 44.510
4 51.639
4 51.838
4 52.897
4 53.155
4 54.984
4 57.956
4 95.555
5 52.135
5 54.623
5 55.946
5 56.072
5 56.726
5 79.006
5 92.112
5 92.490
5 114.999
5 119.354
5 119.487
5 120.935
5 122.698
5 123.173
5 127.970
5 131.626
5 138.070
5 142.989
5 154.295
5 154.331
5 161.270
5 165.982
5 169.135
5 169.296
5 172.510
5 174.178
5 180.972
5 183.641
5 186.471
5 189.706
6 80.359
6 91.082
6 99.903
6 102.828
6 107.205
6 108.530
6 113.874
6 126.858
6 128.289
6 135.659
6 144.425
6 147.278
6 151.525
6 156.836
6 162.953
6 166.136
6 170.169
6 181.621
6 189.208
6 193.467
6 196.453
6 198.450
6 200.494
6 201.204
6 205.217
6 205.339
6 210.650
6 213.583
6 254.763
6 281.413
7 150.921
7 154.480
7 167.702
7 169.681
7 173.557
7 181.119
7 186.777
7 188.467
7 201.307
7 203.582
7 206.598
7 208.332
7 221.821
7 222.898
7 227.792
7 230.631
7 238.250
7 243.332
7 243.458
7 246.393
7 257.504
7 263.938
7 266.475
7 271.780
7 278.150
7 288.156
7 293.356
7 294.241
7 304.948
7 307.991
8 69.894
8 96.090
8 96.092
8 103.820
8 104.212
8 106.573
8 107.261
8 107.644
8 113.289
8 121.083
8 131.551
8 133.324
8 144.001
8 150.779
8 155.191
8 157.886
8 158.603
8 161.536
8 161.633
8 162.473
8 170.536
8 172.104
8 175.563
8 182.009
8 191.446
8 196.622
8 198.993
8 205.345
8 212.207
8 218.821
10 223.580
10 230.162
10 231.551
10 243.887
10 289.081
10 301.185
10 308.090
10 309.304
10 315.428
10 317.118
10 320.507
10 322.023
10 322.050
10 324.301
10 328.435
10 332.950
10 336.994
10 338.801
10 340.975
10 342.168
10 343.914
10 350.884
10 353.035
10 357.482
10 359.246
10 359.524
10 362.965
10 369.312
10 370.811
10 400.946
12 370.500
12 384.005
12 391.127
12 391.740
12 393.412
12 394.798
12 398.430
12 410.415
12 419.592
12 431.966
12 434.854
12 435.347
12 439.358
12 440.764
12 440.859
12 441.376
12 442.007
12 445.709
12 446.684
12 447.236
12 447.427
12 449.424
12 450.103
12 451.909
12 453.641
12 454.015
12 455.769
12 461.864
12 471.069
12 473.108
14 263.646
14 267.784
14 268.702
14 270.761
14 274.063
14 274.330
14 278.378
14 280.246
14 282.570
14 290.434
14 294.034
14 302.610
14 304.708
14 308.707
14 309.044
14 311.705
14 312.967
14 314.048
14 316.140
14 316.728
14 318.927
14 322.725
14 322.990
14 325.109
14 325.909
14 328.058
14 330.666
14 330.974
14 336.419
14 355.409
16 564.278
16 578.074
16 589.007
16 590.098
16 592.135
16 592.217
16 598.834
16 600.241
16 604.782
16 610.874
16 614.676
16 629.528
16 636.735
16 644.348
16 645.979
16 652.008
16 654.707
16 659.219
16 661.539
16 664.342
16 666.770
16 667.307
16 672.073
16 675.240
16 676.316
16 677.215
16 679.275
16 679.715
16 682.961
16 685.966
20 443.983
20 457.640
20 472.750
20 482.181
20 487.054
20 490.326
20 493.267
20 497.203
20 498.265
20 498.764
20 500.107
20 502.391
20 502.485
20 502.755
20 503.287
20 506.769
20 507.088
20 509.736
20 513.280
20 515.461
20 516.284
20 516.440
20 517.782
20 519.077
20 519.147
20 519.735
20 521.254
20 524.938
20 526.594
20 543.857
24 1107.454
24 1114.818
24 1115.577
24 1157.619
24 1170.237
24 1170.752
24 1174.485
24 1178.071
24 1195.995
24 1197.446
24 1200.311
24 1208.850
24 1211.729
24 1218.109
24 1230.111
24 1235.848
24 1248.355
24 1255.767
24 1260.285
24 1273.303
24 1276.799
24 1280.976
24 1284.868
24 1285.076
24 1290.537
24 1290.755
24 1291.457
24 1301.860
24 1306.201
24 1320.487
28 950.372
28 973.119
28 975.374
28 978.642
28 1021.490
28 1027.478
28 1027.647
28 1033.790
28 1033.986
28 1034.832
28 1037.567
28 1038.911
28 1039.354
28 1042.958
28 1043.684
28 1044.325
28 1044.640
28 1045.794
28 1048.356
28 1050.675
28 1052.329
28 1055.580
28 1056.103
28 1057.658
28 1058.153
28 1061.282
28 1061.283
28 1070.108
28 1078.186
28 1096.444
32 1083.511
32 1100.941
32 1143.840
32 1153.387
32 1155.689
32 1159.380
32 1165.484
32 1167.835
32 1172.332
32 1176.166
32 1182.311
32 1184.787
32 1184.840
32 1185.602
32 1188.018
32 1190.621
32 1190.819
32 1193.878
32 1196.404
32 1197.010
32 1197.972
32 1200.973
32 1201.164
32 1202.119
32 1203.103
32 1206.194
32 1221.851
32 1229.351
32 1250.556
32 1251.343
40 1274.452
40 1283.071
40 1304.872
40 1306.279
40 1314.003
40 1320.985
40 1326.084
40 1329.961
40 1331.243
40 1404.133
40 1408.083
40 1409.233
40 1417.142
40 1423.471
40 1427.811
40 1429.192
40 1429.911
40 1435.845
40 1443.814
40 1455.395
40 1456.389
40 1477.098
40 1480.532
40 1484.950
40 1489.459
40 1508.714
40 1509.856
40 1527.526
40 1574.651
40 1615.781
48 1799.748
48 1831.013
48 1861.040
48 2075.608
48 2128.397
48 2166.300
48 2181.618
48 2196.585
48 2198.649
48 2200.167
48 2204.837
48 2211.635
48 2219.466
48 2229.396
48 2236.888
48 2240.041
48 2244.666
48 2250.849
48 2253.384
48 2255.083
48 2260.288
48 2267.847
48 2280.240
48 2360.308
48 2387.154
48 2387.298
48 2401.254
48 2410.758
48 2441.815
48 2504.243
56 1663.292
56 1696.245
56 1733.958
56 2047.468
56 2130.544
56 2133.580
56 2141.686
56 2142.309
56 2145.109
56 2146.877
56 2151.827
56 2153.796
56 2155.490
56 2156.404
56 2157.463
56 2158.649
56 2175.045
56 2177.327
56 2179.190
56 2184.248
56 2196.486
56 2207.519
56 2208.986
56 2278.683
56 2288.881
56 2289.693
56 2312.370
56 2317.691
56 2329.773
56 2333.554
64 1660.248
64 1699.410
64 1719.297
64 1725.500
64 1727.585
64 1751.959
64 1764.542
64 1793.617
64 1798.372
64 1820.456
64 1874.116
64 1898.859
64 1909.649
64 1915.662
64 1919.876
64 1920.107
64 1921.126
64 1923.490
64 1936.839
64 1940.421
64 2113.636
64 2124.027
64 2151.967
64 2152.468
64 2153.715
64 2157.073
64 2163.401
64 2166.430
64 2176.100
64 2202.366
80 1587.119
80 1592.655
80 1596.812
80 1600.013
80 1616.177
80 1669.695
80 1711.828
80 1784.705
80 1796.988
80 1823.890
80 1913.180
80 1920.520
80 1922.802
80 1923.827
80 1928.945
80 1946.683
80 1951.764
80 1963.421
80 1967.819
80 1986.924
80 1997.379
80 2007.534
80 2012.575
80 2025.761
80 2035.204
80 2036.339
80 2044.899
80 2049.303
80 2051.759
80 2084.361
96 1962.137
96 2113.619
96 2225.677
96 2303.841
96 2306.747
96 2332.428
96 2340.188
96 2359.954
96 2360.622
96 2367.722
96 2384.898
96 2394.502
96 2398.229
96 2414.732
96 2414.870
96 2417.798
96 2432.936
96 2436.975
96 2441.586
96 2469.509
96 2479.391
96 2489.292
96 2497.907
96 2502.883
96 2508.559
96 2539.755
96 2545.045
96 2584.724
96 2591.619
96 2632.697
112 2338.319
112 2418.766
112 2429.801
112 2485.309
112 2503.679
112 2508.713
112 2527.505
112 2534.672
112 2540.193
112 2551.819
112 2554.672
112 2556.167
112 2568.009
112 2570.621
112 2593.551
112 2594.196
112 2600.323
112 2600.856
112 2603.963
112 2613.971
112 2632.884
112 2637.406
112 2637.420
112 2641.757
112 2643.356
112 2678.952
112 2680.898
112 2681.540
112 2697.523
112 2765.962
128 2940.888
128 3233.457
128 4543.608
128 4621.876
128 4633.491
128 4637.744
128 4713.797
128 4720.316
128 4724.729
128 4735.277
128 4735.636
128 4798.177
128 4802.648
128 4878.873
128 4895.516
128 4899.320
128 5008.123
128 5068.034
128 5255.488
128 5491.386
128 5585.329
128 5625.231
128 5648.632
128 5654.708
128 5834.742
128 5876.530
128 5958.968
128 6009.128
128 6043.650
128 6051.850
160 4080.132
160 4132.471
160 4135.762
160 4162.709
160 4181.517
160 4188.531
160 4321.277
160 4322.269
160 4345.745
160 4362.258
160 4362.458
160 4399.671
160 4400.724
160 4446.829
160 4490.648
160 4557.907
160 4563.076
160 4616.676
160 4667.589
160 4833.716
160 4940.986
160 5334.928
160 5352.211
160 5358.907
160 5412.608
160 5424.678
160 5484.788
160 5519.319
160 5608.227
160 5658.091
192 4472.291
192 4584.613
192 4618.386
192 4636.274
192 4692.240
192 4716.015
192 4751.350
192 4763.863
192 4781.813
192 4784.710
192 4788.485
192 4796.261
192 4808.249
192 4816.026
192 4816.584
192 4823.552
192 4828.615
192 4848.482
192 4871.490
192 4884.167
192 4896.296
192 4901.168
192 4914.818
192 4943.713
192 4951.718
192 4960.027
192 5001.419
192 5110.403
192 5129.042
192 5157.100
