# 100000 10 10 10 1
# 10000 100 100 100 1
# 1000 995 995 995 1
# 100 10030 10019 10037 1.0018
# 10 110387 110360 110417 1.00052
# 1 3.64813e+07 36064903 36693988 1.01744

1 1 0.982856 1.01744  
3 0.0539153 0.0481126 0.0612909  
5 0.0401015 0.0298008 0.0462897  
7 0.0250365 0.0203835 0.0337905  
9 0.0227078 0.0166538 0.0263157  
11 0.0173276 0.0132235 0.0199048  
13 0.0139025 0.0113033 0.0181798  
15 0.0113689 0.00933131 0.0147883  
17 0.0100242 0.00868089 0.0126366  
19 0.00924611 0.00788736 0.0119411  
21 0.00933577 0.00707771 0.0106138  
23 0.00952185 0.00923268 0.00984229  
25 0.00851556 0.00826272 0.00878449  
27 0.00822471 0.00793675 0.00851917  
29 0.00512913 0.00490332 0.00529091  
31 0.00565289 0.00458458 0.00740895  
33 0.00574024 0.00411077 0.00662345  
35 0.00439004 0.00413565 0.0045761  
37 0.0058926 0.00583887 0.00597107  
39 0.00499156 0.00397052 0.00565071  
41 0.00430423 0.00359038 0.00551779  
43 0.00342245 0.00327527 0.00362984  
45 0.00370865 0.00311976 0.00471929  
47 0.00324066 0.00313309 0.00333699  
49 0.00339317 0.00288462 0.00426967  
51 0.00305754 0.00240181 0.0040523  
53 0.00371874 0.00368235 0.00378652  
55 0.0038187 0.00370921 0.00396019  
57 0.00241125 0.00231147 0.00255498  
59 0.00219051 0.00212799 0.00230141  
61 0.00292979 0.0022093 0.0033562  
63 0.00277256 0.00216114 0.0031938  
65 0.00305596 0.00303236 0.00310217  
67 0.0022403 0.00194899 0.00269876  
69 0.0021389 0.00182967 0.00268803  
71 0.00210747 0.00180802 0.00269169  
73 0.00178199 0.00173764 0.00184188  
75 0.0021741 0.00165288 0.00246696  
77 0.00172042 0.0016886 0.00175273  
79 0.00208631 0.00160377 0.0024111  
81 0.00199496 0.00152732 0.00231263  
83 0.00191263 0.00145591 0.00216533  
85 0.00190762 0.00141243 0.00224697  
87 0.00185006 0.00146132 0.00210154  
89 0.00140831 0.00135911 0.00146427  
91 0.00200267 0.00194636 0.00205717  
93 0.00153941 0.00130721 0.00197182  
95 0.00185078 0.00181837 0.00188782  
97 0.00144755 0.00124645 0.00183531  
99 0.00138232 0.00116135 0.00174574  
101 0.00155005 0.00125299 0.00172376  
103 0.00148176 0.00109599 0.00170715  
105 0.00113845 0.00102393 0.00123328  
107 0.00159831 0.00157853 0.00162845  
109 0.00125668 0.00107556 0.00158523  
111 0.00138883 0.00107407 0.00156548  
113 0.00117932 0.000990352 0.00155048  
115 0.00137002 0.00105718 0.00157304  
117 0.00129068 0.00104236 0.00143931  
119 0.00131281 0.00102694 0.00147527  
121 0.0014046 0.00138075 0.00143809  
123 0.0010919 0.000939483 0.00140013  
125 0.00119056 0.000916068 0.0013654  
127 0.00103996 0.000889015 0.00130626  
129 0.00117962 0.000903727 0.00134434  
131 0.0012629 0.00124595 0.00128885  
133 0.00111585 0.000819149 0.00129907  
135 0.00124022 0.00122829 0.00126039  
137 0.00122101 0.00119348 0.00124747  
139 0.00106776 0.000778494 0.00123168  
141 0.00107618 0.00086362 0.00119499  
143 0.00105683 0.00084052 0.00119614  
145 0.000926812 0.000815933 0.00112861  
147 0.000919103 0.000777606 0.00116463  
149 0.00109657 0.00108846 0.00111246  
151 0.000959832 0.000700546 0.00110602  
153 0.000937287 0.000706536 0.0010683  
155 0.00105802 0.00103704 0.00107818  
157 0.000945164 0.000732857 0.00106772  
159 0.000897766 0.000709299 0.00100693  
161 0.000914276 0.000711977 0.00103522  
163 0.000821445 0.000702083 0.00100967  
165 0.000789796 0.000689367 0.000992063  
167 0.000888114 0.000704559 0.00100702  
169 0.000870497 0.000694941 0.00096761  
171 0.000774535 0.000663025 0.000970701  
173 0.000637048 0.000627452 0.000648692  
175 0.000650003 0.000632999 0.000668186  
177 0.000733297 0.000642223 0.000914518  
179 0.000726072 0.000642425 0.000884505  
181 0.000617165 0.000601701 0.000639291  
183 0.000736333 0.000645915 0.000798122  
185 0.000688082 0.000604472 0.00085075  
187 0.000696199 0.000608267 0.000854634  
189 0.000833358 0.000807195 0.000862676  
191 0.000750908 0.000613316 0.000829944  
193 0.000804576 0.000781525 0.000828689  
195 0.000582949 0.000573395 0.000593502  
197 0.000583562 0.000570581 0.000598852  
199 0.000706921 0.000583999 0.000776867  
201 0.000634662 0.000561801 0.000778965  
203 0.000705259 0.000575669 0.00079044  
205 0.000695439 0.000575415 0.000772081  
207 0.00069619 0.000574108 0.000771897  
209 0.000540418 0.000514629 0.000563151  
211 0.000684488 0.000538064 0.000769836  
213 0.000590308 0.000508247 0.000735686  
215 0.000631162 0.000507377 0.000705548  
217 0.000636913 0.000512681 0.000720103  
219 0.000629089 0.000530743 0.000687047  
221 0.000540844 0.000487521 0.000631308  
223 0.000621622 0.000498535 0.000713372  
225 0.000552145 0.000485038 0.000681874  
227 0.000583641 0.000486416 0.000643293  
229 0.000570993 0.000468941 0.00064659  
231 0.000553536 0.000488043 0.000665677  
233 0.000531096 0.000476697 0.000631952  
235 0.000584111 0.000484811 0.000659821  
237 0.000614119 0.000588127 0.000638253  
239 0.000526578 0.000476917 0.000623837  
241 0.000560229 0.000442095 0.000634319  
243 0.000559822 0.000466637 0.000612203  
245 0.00048394 0.000443718 0.000565334  
247 0.000501575 0.000444799 0.000589503  
249 0.000498543 0.00043482 0.000602713  
251 0.000518168 0.000455209 0.000556773  
253 0.000520674 0.000452331 0.000566016  
255 0.000478222 0.000444406 0.000533805  
257 0.000479414 0.00043394 0.000564725  
259 0.00043215 0.000417534 0.000446291  
261 0.000499494 0.000423889 0.00055493  
263 0.000486714 0.000420485 0.000538509  
265 0.00042894 0.000407322 0.000456062  
267 0.000506304 0.000473878 0.000530443  
269 0.000439439 0.000400671 0.000512904  
271 0.000442684 0.000414537 0.000489677  
273 0.000419647 0.000398844 0.000439637  
275 0.000487991 0.000467327 0.000507095  
277 0.000455824 0.000394235 0.000497954  
279 0.000433066 0.000392458 0.000506136  
281 0.000441158 0.000404044 0.000480339  
283 0.00046759 0.000458421 0.000480458  
285 0.000416311 0.000378842 0.000471454  
287 0.000385666 0.000371892 0.000398639  
289 0.000384791 0.000373065 0.000397244  
291 0.00040423 0.000377722 0.000449891  
293 0.000445525 0.000434111 0.00046707  
295 0.000415836 0.000371765 0.000457916  
297 0.000375519 0.00036451 0.000387547  
299 0.000390226 0.000367024 0.000429871  
301 0.000428298 0.000408587 0.00044748  
303 0.00041492 0.000405748 0.000427723  
305 0.000394557 0.00035364 0.000422593  
307 0.000398225 0.000346679 0.000429343  
309 0.000394598 0.000346936 0.000440507  
311 0.00038483 0.000349854 0.000420641  
313 0.000396289 0.00035864 0.000431805  
315 0.000406624 0.000395475 0.000427453  
317 0.000370155 0.000333316 0.000421995  
319 0.000377367 0.000338331 0.000402675  
321 0.000389531 0.000383285 0.000401568  
323 0.00035292 0.000334395 0.000384389  
325 0.000388692 0.00037403 0.00040469  
327 0.000335769 0.000322446 0.000346663  
329 0.000342244 0.000325781 0.000370142  
331 0.000347216 0.00032041 0.000379335  
333 0.000353931 0.000339876 0.000376711  
335 0.000349947 0.000329719 0.000384303  
337 0.000336925 0.00031768 0.000372243  
339 0.000339548 0.000316401 0.000376229  
341 0.000336896 0.000326878 0.00035384  
343 0.000341343 0.000315867 0.000360184  
345 0.000332976 0.000315613 0.000366963  
347 0.000325771 0.000311944 0.000349863  
349 0.000343453 0.000311538 0.000368766  
351 0.000328819 0.000303198 0.000374052  
353 0.000336768 0.000322154 0.000349288  
355 0.000332281 0.000301261 0.000357569  
357 0.000327251 0.000306936 0.000346834  
359 0.000336477 0.000321453 0.000348008  
361 0.00030914 0.000298189 0.000325274  
363 0.000310884 0.000299394 0.00033209  
365 0.000315169 0.000294087 0.000335119  
367 0.00033153 0.000322519 0.000342523  
369 0.000329511 0.000310886 0.00034886  
371 0.000308302 0.000299471 0.000318735  
373 0.000297076 0.000292882 0.00030425  
375 0.000294383 0.000278746 0.000317485  
377 0.000307899 0.000288832 0.000325736  
379 0.000288823 0.000281769 0.0002972  
381 0.000297095 0.000288254 0.000313981  
383 0.000283928 0.000274203 0.000293065  
385 0.000288636 0.000267269 0.000306373  
387 0.000291567 0.000283088 0.000307945  
389 0.000273863 0.000264971 0.000284854  
391 0.000280778 0.000272 0.000293265  
393 0.00028752 0.000266563 0.000302463  
395 0.000289779 0.00028043 0.00029959  
397 0.000281754 0.000269842 0.00029427  
399 0.000285 0.00027558 0.000296219  
401 0.000276782 0.000268128 0.000283853  
403 0.000281396 0.000270414 0.000294532  
405 0.000286138 0.000281251 0.000295097  
407 0.000270075 0.000267442 0.000275068  
409 0.000277574 0.000265809 0.000294184  
411 0.000266939 0.00025271 0.000285585  
413 0.000270439 0.000261688 0.000280255  
415 0.000262896 0.000255546 0.000276313  
417 0.000267294 0.000260913 0.000277061  
419 0.000260113 0.00025516 0.000268858  
421 0.000262563 0.000256164 0.000270396  
423 0.000264291 0.000261405 0.000269611  
425 0.000259044 0.00025548 0.000264448  
427 0.000268132 0.000261895 0.000277681  
429 0.000259588 0.000252559 0.000267789  
431 0.000269993 0.000242354 0.000296291  
433 0.000260403 0.00025277 0.000275047  
435 0.000260701 0.000248124 0.000276244  
437 0.00026407 0.000253228 0.000283298  
439 0.000250486 0.000241545 0.000264953  
441 0.000248801 0.000241138 0.00026349  
443 0.00024928 0.000237347 0.000257557  
445 0.000245682 0.000240521 0.000254464  
447 0.000242766 0.000235336 0.000256194  

1 1 0.999484 1.00052  
3 0.979019 0.944368 0.997282  
5 0.99221 0.990934 0.993238  
7 0.972921 0.959256 0.989299  
9 0.881463 0.863333 0.896434  
11 0.764876 0.72316 0.819851  
13 0.675728 0.640783 0.696859  
15 0.600119 0.578739 0.633168  
17 0.540373 0.527954 0.561748  
19 0.492842 0.476104 0.505664  
21 0.406773 0.382329 0.441601  
23 0.373078 0.349865 0.404993  
25 0.350746 0.320692 0.37114  
27 0.340901 0.336697 0.343372  
29 0.303226 0.288486 0.31692  
31 0.283973 0.277118 0.291608  
33 0.259545 0.251861 0.272374  
35 0.244632 0.234763 0.251746  
37 0.238308 0.229119 0.252852  
39 0.213517 0.199483 0.240032  
41 0.206578 0.193143 0.224154  
43 0.191547 0.182906 0.196675  
45 0.181002 0.173963 0.187032  
47 0.176526 0.164776 0.187164  
49 0.168006 0.155848 0.175712  
51 0.167703 0.163032 0.174541  
53 0.150138 0.144851 0.154216  
55 0.147707 0.138972 0.154462  
57 0.143085 0.139429 0.149031  
59 0.13478 0.131737 0.136466  
61 0.132675 0.125163 0.141118  
63 0.130503 0.1167 0.139877  
65 0.119936 0.114514 0.124545  
67 0.11659 0.107571 0.123221  
69 0.11507 0.107467 0.119212  
71 0.103632 0.101087 0.107075  
73 0.11055 0.107876 0.113265  
75 0.101783 0.100031 0.102748  
77 0.10029 0.0980404 0.103218  
79 0.0980921 0.0911771 0.104832  
81 0.0926323 0.0901686 0.0943693  
83 0.0898991 0.086778 0.0958977  
85 0.087328 0.0829794 0.0942072  
87 0.0831672 0.0807403 0.0873126  
89 0.0838271 0.0815498 0.0878689  
91 0.0847537 0.0780753 0.0895947  
93 0.0824508 0.0811666 0.0840224  
95 0.0795074 0.0766828 0.0835063  
97 0.077461 0.0739578 0.0793801  
99 0.0788057 0.0776885 0.0802786  
101 0.077694 0.0725388 0.0804011  
103 0.0719422 0.0708342 0.0737776  
105 0.0714124 0.0692725 0.0745223  
107 0.0683073 0.0652186 0.0722188  
109 0.0713387 0.0666479 0.0739677  
111 0.066989 0.0645658 0.0704664  
113 0.0698183 0.0653847 0.0743559  
115 0.061771 0.0611359 0.06253  
117 0.0617702 0.0614256 0.0620405  
119 0.0596048 0.0578644 0.0606112  
121 0.0595148 0.0578182 0.0603814  
123 0.0595553 0.0579281 0.0610151  
125 0.0591672 0.0567844 0.0614095  
127 0.0575033 0.0564325 0.0582139  
129 0.0586207 0.0545935 0.0606981  
131 0.0565577 0.0554873 0.0581182  
133 0.0565745 0.0538294 0.0593033  
135 0.0544784 0.0524464 0.0559012  
137 0.0522227 0.0518336 0.0525278  
139 0.0529579 0.0509392 0.055925  
141 0.0513607 0.0502967 0.0530217  
143 0.0496862 0.0476334 0.0509759  
145 0.0489544 0.0469438 0.0508863  
147 0.0495235 0.0485248 0.0503053  
149 0.047467 0.0459164 0.0484191  
151 0.0469605 0.0452841 0.0491767  
153 0.0472027 0.0440417 0.0511275  
155 0.0451372 0.0445678 0.0460264  
157 0.0453268 0.0451085 0.0455209  
159 0.0468147 0.0440346 0.0489228  
161 0.0438726 0.0426414 0.0451225  
163 0.0413758 0.0391984 0.0442631  
165 0.0442029 0.0430609 0.0459503  
167 0.0407824 0.0392305 0.0433015  
169 0.0395873 0.0369715 0.0414456  
171 0.0423588 0.039761 0.044286  
173 0.0431532 0.0417845 0.0455111  
175 0.0405065 0.0375935 0.0420373  
177 0.0379305 0.0362087 0.0391802  
179 0.0394194 0.0383346 0.0402681  
181 0.0386254 0.0364686 0.0416811  
183 0.0380393 0.0324369 0.04199  
185 0.0337529 0.0328626 0.0347867  
187 0.0356958 0.0345367 0.0370128  
189 0.0354525 0.0343273 0.0369482  
191 0.0364479 0.0352263 0.0375503  
193 0.0371546 0.0369577 0.0373544  
195 0.0318978 0.0300715 0.0346796  
197 0.0333332 0.0311312 0.036456  
199 0.0293647 0.0284891 0.0302976  
201 0.0309014 0.0296616 0.0332032  
203 0.0302193 0.0285697 0.0314412  
205 0.0327998 0.0278067 0.0375741  
207 0.0337295 0.0318679 0.0346742  
209 0.0310415 0.0295887 0.0324711  
211 0.0285669 0.0280853 0.0292059  
213 0.0292744 0.0286965 0.0303287  
215 0.0268016 0.0252779 0.0275798  
217 0.0264879 0.0252687 0.0274656  
219 0.0268088 0.0257652 0.0274857  
221 0.0279639 0.0257299 0.0298996  
223 0.0301604 0.0280251 0.0321196  
225 0.0295722 0.0285863 0.0309849  
227 0.0262461 0.0256233 0.0269001  
229 0.0261549 0.0259621 0.0264271  
231 0.0267938 0.0257238 0.0276028  
233 0.0270323 0.0264743 0.0277549  
235 0.0270419 0.0261336 0.0279931  
237 0.0237259 0.0230442 0.0246768  
239 0.0241119 0.0225563 0.0266063  
241 0.0248104 0.0237404 0.0260666  
243 0.023742 0.022253 0.0245438  
245 0.0237729 0.0231004 0.0241871  
247 0.0232599 0.0213378 0.0248137  
249 0.0226059 0.0217491 0.0231923  
251 0.0234934 0.0226365 0.0240504  
253 0.023199 0.0230964 0.023276  
255 0.0213428 0.0200453 0.0225573  
257 0.0227976 0.0225585 0.0229466  
259 0.0222742 0.0215062 0.0227542  
261 0.0215421 0.0209486 0.0223493  
263 0.0209016 0.0205377 0.0211778  
265 0.0210748 0.0208999 0.021326  
267 0.0205095 0.0202537 0.0210002  
269 0.0204069 0.0200054 0.0206717  
271 0.0199328 0.0197084 0.0203273  
273 0.0199797 0.0193027 0.0211407  
275 0.0200822 0.0198409 0.0204359  
277 0.0197524 0.0193098 0.0202048  
279 0.0192947 0.0191523 0.0194023  
281 0.0183386 0.0179041 0.0186655  
283 0.0184533 0.0182985 0.0185699  
285 0.0185023 0.0180493 0.0190487  
287 0.0189848 0.0185486 0.019646  
289 0.0176943 0.0174067 0.0179392  
291 0.0182089 0.0177681 0.018442  
293 0.0182087 0.0176105 0.0190841  
295 0.017451 0.0171307 0.0177898  
297 0.0183412 0.0179367 0.0190768  
299 0.017251 0.0166757 0.0180333  
301 0.0171037 0.0168288 0.0175224  
303 0.0170588 0.016649 0.0174464  
305 0.0172733 0.0171421 0.0174588  
307 0.0169884 0.0163953 0.0175313  
309 0.0169225 0.0165072 0.0173885  
311 0.0170278 0.0168155 0.0171672  
313 0.0165619 0.0163367 0.0167746  
315 0.0171429 0.0169056 0.0173617  
317 0.0163111 0.0162208 0.0163878  
319 0.0162917 0.0159298 0.0166353  
321 0.0160097 0.0159408 0.0161319  
323 0.0159014 0.0157618 0.0160543  
325 0.0155172 0.0146768 0.0162154  
327 0.0156197 0.0153706 0.01606  
329 0.0159116 0.0157868 0.016042  
331 0.015285 0.0151075 0.0153779  
333 0.015313 0.0148581 0.0157522  
335 0.0154964 0.015155 0.0157584  
337 0.0153073 0.0152345 0.0154312  
339 0.0151957 0.014933 0.0154518  
341 0.0149877 0.014661 0.0153598  
343 0.0146628 0.0144312 0.0148425  
345 0.0145195 0.0142762 0.0147489  
347 0.014498 0.0142734 0.0147575  
349 0.0146847 0.0141958 0.0151455  
351 0.0144148 0.0142919 0.0146063  
353 0.0144652 0.0141934 0.0148598  
355 0.014115 0.0138382 0.0145593  
357 0.0140379 0.0139215 0.0142416  
359 0.0139518 0.0137733 0.0141001  
361 0.0143082 0.0140845 0.0146677  
363 0.0138082 0.013636 0.013951  
365 0.0140316 0.0138898 0.0141446  
367 0.013711 0.0135326 0.014026  
369 0.0135936 0.0135021 0.0136883  
371 0.0138326 0.0134535 0.0140782  
373 0.0135323 0.0133718 0.0137969  
375 0.0136397 0.013489 0.013813  
377 0.0130639 0.0126911 0.0135211  
379 0.0135596 0.0134824 0.013639  
381 0.0131334 0.0129487 0.0133106  
383 0.0133503 0.0130326 0.0137964  
385 0.0132956 0.0132082 0.0134426  
387 0.0130621 0.0125457 0.0135947  
389 0.0127977 0.0126227 0.0130726  
391 0.012894 0.0123362 0.0133159  
393 0.0124936 0.0122932 0.0127332  
395 0.0124375 0.0122766 0.0127417  
397 0.0125267 0.0123985 0.0126812  
399 0.0126861 0.0125937 0.0127563  
401 0.0124707 0.0120447 0.0129145  
403 0.0124475 0.0123223 0.0125254  
405 0.0124642 0.0121725 0.0128311  
407 0.0125451 0.0123127 0.0127279  
409 0.0122924 0.0122379 0.0123332  
411 0.0121124 0.0119126 0.0123245  
413 0.0118745 0.0117239 0.0121321  
415 0.0120443 0.0119297 0.0121552  
417 0.0119957 0.0119261 0.0120778  
419 0.0117043 0.0115774 0.0119422  
421 0.0118414 0.0116556 0.0119722  
423 0.0120486 0.0117937 0.0121798  
425 0.0115716 0.0113978 0.0118606  
427 0.011783 0.0116868 0.0119433  
429 0.0117595 0.0115136 0.0119252  
431 0.0116432 0.0115619 0.0117396  
433 0.011464 0.0113768 0.0116086  
435 0.0113873 0.0111789 0.011724  
437 0.0136244 0.0123168 0.0161571  
439 0.0113298 0.0111406 0.0114696  
441 0.011264 0.0111832 0.0113261  
443 0.0111958 0.0110706 0.0113011  
445 0.0112417 0.0110049 0.0115552  
447 0.0111372 0.010992 0.0112734  

1 1 0.998207 1.0018  
3 1.00084 0.999934 1.00233  
5 0.999761 0.998047 1.00146  
7 0.998889 0.996627 1.00106  
9 0.999143 0.997565 1.00108  
11 0.999634 0.998478 1.0011  
13 0.999688 0.998107 1.00129  
15 0.998343 0.996639 1.0009  
17 0.999193 0.99799 1.00119  
19 0.99908 0.997504 1.0013  
21 0.998938 0.997025 1.00086  
23 0.999143 0.997921 1.00061  
25 0.998975 0.997912 1.00054  
27 0.997629 0.994077 1.00071  
29 0.998911 0.998176 1.00008  
31 0.997883 0.996339 0.999668  
33 0.996627 0.995009 0.998219  
35 0.996646 0.995593 0.998089  
37 0.995678 0.994703 0.997135  
39 0.996036 0.994837 0.997845  
41 0.994272 0.992255 0.996989  
43 0.994126 0.99291 0.995666  
45 0.992997 0.991576 0.994695  
47 0.989929 0.987733 0.993156  
49 0.990398 0.987042 0.993099  
51 0.988737 0.98544 0.992144  
53 0.987978 0.985003 0.991117  
55 0.986733 0.981816 0.990511  
57 0.982211 0.978116 0.986123  
59 0.981492 0.97636 0.984956  
61 0.981489 0.979922 0.983286  
63 0.975378 0.973283 0.978096  
65 0.970273 0.96483 0.977041  
67 0.960693 0.958222 0.96492  
69 0.962864 0.957166 0.967423  
71 0.961521 0.955642 0.970348  
73 0.951432 0.946144 0.958184  
75 0.954816 0.952076 0.958205  
77 0.942962 0.935973 0.95575  
79 0.941626 0.936759 0.948807  
81 0.924441 0.909841 0.938102  
83 0.917007 0.883835 0.935787  
85 0.902428 0.897572 0.91026  
87 0.851827 0.766134 0.915651  
89 0.875786 0.866221 0.886905  
91 0.885092 0.875265 0.899783  
93 0.882104 0.85139 0.900764  
95 0.832016 0.784194 0.88069  
97 0.84092 0.811082 0.863197  
99 0.807574 0.786822 0.848001  
101 0.809074 0.77809 0.831236  
103 0.75594 0.737912 0.783985  
105 0.782625 0.75357 0.802416  
107 0.768916 0.763397 0.778729  
109 0.751145 0.683226 0.813783  
111 0.741107 0.695878 0.775247  
113 0.730981 0.700778 0.786802  
115 0.711001 0.682376 0.737403  
117 0.692337 0.660403 0.720074  
119 0.683118 0.671659 0.690643  
121 0.673677 0.628652 0.730915  
123 0.668949 0.616478 0.702503  
125 0.634852 0.620175 0.64468  
127 0.618332 0.610189 0.625027  
129 0.650928 0.648219 0.653356  
131 0.63221 0.609393 0.646404  
133 0.604883 0.595133 0.613661  
135 0.594928 0.578112 0.619907  
137 0.56777 0.551223 0.588426  
139 0.57426 0.558716 0.591128  
141 0.556378 0.536483 0.589569  
143 0.572331 0.556007 0.595078  
145 0.558727 0.533349 0.600602  
147 0.563759 0.543808 0.580615  
149 0.557331 0.536231 0.575226  
151 0.534812 0.505345 0.570246  
153 0.528365 0.511167 0.551405  
155 0.50304 0.484673 0.535332  
157 0.482291 0.469193 0.493334  
159 0.495317 0.478085 0.508993  
161 0.507365 0.488757 0.530496  
163 0.476975 0.460441 0.496596  
165 0.476696 0.465216 0.494464  
167 0.498105 0.471769 0.512902  
169 0.429427 0.407677 0.446055  
171 0.419683 0.411254 0.43472  
173 0.479669 0.473077 0.488055  
175 0.432621 0.431757 0.433566  
177 0.428533 0.380689 0.469202  
179 0.432365 0.421206 0.44882  
181 0.424729 0.389848 0.449083  
183 0.429295 0.419303 0.442811  
185 0.3828 0.372358 0.392908  
187 0.396709 0.373843 0.412417  
189 0.383382 0.35052 0.421005  
191 0.395112 0.383319 0.40489  
193 0.423261 0.419841 0.429734  
195 0.369207 0.354464 0.386051  
197 0.349808 0.344629 0.352895  
199 0.317562 0.304457 0.343343  
201 0.338063 0.331796 0.341899  
203 0.339478 0.317093 0.355593  
205 0.303497 0.293779 0.311492  
207 0.321138 0.316595 0.324945  
209 0.303242 0.278574 0.317362  
211 0.319784 0.304106 0.334796  
213 0.314527 0.304749 0.32179  
215 0.311014 0.280951 0.339933  
217 0.308412 0.295129 0.331273  
219 0.327115 0.321105 0.332226  
221 0.32898 0.324397 0.337039  
223 0.322999 0.315346 0.333467  
225 0.31146 0.305033 0.322431  
227 0.280882 0.275391 0.286734  
229 0.267253 0.260978 0.275703  
231 0.292618 0.28765 0.301562  
233 0.286176 0.279792 0.292152  
235 0.281896 0.271073 0.294934  
237 0.264832 0.243529 0.281675  
239 0.268979 0.252667 0.284398  
241 0.272529 0.265334 0.279868  
243 0.259727 0.25544 0.262766  
245 0.259447 0.249568 0.265028  
247 0.261724 0.257528 0.264643  
249 0.251813 0.242946 0.268272  
251 0.249819 0.243306 0.258735  
253 0.233515 0.228215 0.240269  
255 0.246897 0.234955 0.260448  
257 0.229123 0.225119 0.235982  
259 0.23116 0.22355 0.237872  
261 0.22494 0.216859 0.232402  
263 0.236642 0.228357 0.244885  
265 0.229004 0.221917 0.233937  
267 0.231231 0.229167 0.233945  
269 0.217548 0.216483 0.219074  
271 0.222532 0.21378 0.229782  
273 0.211984 0.204099 0.218694  
275 0.219185 0.216267 0.224779  
277 0.214522 0.212414 0.217291  
279 0.208828 0.204703 0.213845  
281 0.208656 0.203402 0.214257  
283 0.203358 0.195998 0.210357  
285 0.198436 0.194615 0.201944  
287 0.201305 0.196366 0.206526  
289 0.202496 0.200102 0.206107  
291 0.203049 0.198757 0.208158  
293 0.196122 0.195747 0.196577  
295 0.197186 0.191758 0.20605  
297 0.189588 0.187873 0.191205  
299 0.188298 0.182779 0.196184  
301 0.18711 0.184506 0.18929  
303 0.188288 0.182978 0.192926  
305 0.183126 0.179225 0.185457  
307 0.180325 0.17835 0.181697  
309 0.179508 0.176828 0.183804  
311 0.185425 0.183861 0.188036  
313 0.181182 0.176991 0.184348  
315 0.17794 0.174606 0.18408  
317 0.17533 0.173078 0.179199  
319 0.17952 0.177487 0.182302  
321 0.173142 0.172859 0.173492  
323 0.173215 0.171355 0.176015  
325 0.172828 0.169902 0.176655  
327 0.165886 0.164313 0.168462  
329 0.173743 0.172545 0.175026  
331 0.165802 0.162809 0.168754  
333 0.165652 0.16195 0.168856  
335 0.166782 0.164546 0.170817  
337 0.164172 0.159218 0.168147  
339 0.16193 0.155048 0.167137  
341 0.163823 0.1629 0.164538  
343 0.158402 0.157023 0.16051  
345 0.15879 0.155901 0.16106  
347 0.158643 0.156743 0.16028  
349 0.157945 0.15679 0.159346  
351 0.157964 0.156693 0.159774  
353 0.153758 0.149626 0.156669  
355 0.151348 0.14715 0.156509  
357 0.152131 0.148424 0.156195  
359 0.152265 0.151081 0.153968  
361 0.15281 0.149704 0.155342  
363 0.153296 0.152563 0.154302  
365 0.15088 0.150393 0.151465  
367 0.152432 0.150424 0.155579  
369 0.147769 0.146731 0.148997  
371 0.146828 0.145666 0.148405  
373 0.148403 0.143429 0.15169  
375 0.146491 0.143769 0.148863  
377 0.145359 0.142353 0.150773  
379 0.144898 0.143626 0.146533  
381 0.142669 0.141325 0.144833  
383 0.145188 0.144215 0.146784  
385 0.142671 0.139696 0.144462  
387 0.136768 0.132705 0.143139  
389 0.137163 0.134018 0.142311  
391 0.136835 0.133668 0.139489  
393 0.138735 0.136459 0.140964  
395 0.136207 0.133615 0.13987  
397 0.138866 0.137839 0.139929  
399 0.137647 0.135694 0.139088  
401 0.13211 0.130408 0.135195  
403 0.133871 0.129599 0.137012  
405 0.135382 0.133807 0.136618  
407 0.134529 0.133032 0.136673  
409 0.13179 0.129551 0.133842  
411 0.133538 0.132228 0.134707  
413 0.131813 0.129843 0.133597  
415 0.128249 0.126374 0.129721  
417 0.12937 0.126708 0.13201  
419 0.132144 0.129024 0.133903  
421 0.127817 0.124907 0.131082  
423 0.130263 0.126934 0.13206  
425 0.125008 0.121584 0.129451  
427 0.126899 0.122595 0.133559  
429 0.126747 0.124106 0.130314  
431 0.125239 0.124292 0.126597  
433 0.125589 0.12393 0.126673  
435 0.128387 0.126664 0.12969  
437 0.12768 0.124722 0.132569  
439 0.122999 0.120357 0.126079  
441 0.12651 0.124325 0.130274  
443 0.119736 0.119047 0.120404  
445 0.120923 0.119645 0.121731  
447 0.120653 0.11724 0.124024  

1 1 1 1  
3 0.999553 0.998995 1  
5 0.999598 0.999397 0.999799  
7 0.999378 0.999139 0.999856  
9 0.999888 0.999777 1  
11 1.00046 1.00027 1.00082  
13 0.999613 0.998995 1.00023  
15 1.00027 0.999732 1.0006  
17 0.999941 0.999645 1.00047  
19 1.00095 1.00063 1.00143  
21 1.00018 0.999856 1.00072  
23 1.00058 1.00017 1.00087  
25 1.00066 1.0006 1.00072  
27 1.00005 0.99933 1.00078  
29 1.0005 1.00038 1.00069  
31 0.999805 0.999481 1.00003  
33 0.999523 0.998538 1.0003  
35 0.999215 0.997502 1.00014  
37 0.999783 0.999674 0.999891  
39 0.999777 0.999047 1.00015  
41 0.999224 0.998456 1.0002  
43 0.998255 0.997756 0.998948  
45 0.998757 0.998504 0.998995  
47 0.999394 0.999102 0.999594  
49 0.999494 0.998667 1  
51 0.999409 0.999015 0.999961  
53 0.999861 0.99909 1.0004  
55 0.998715 0.99757 0.999379  
57 0.999982 0.999912 1.00007  
59 0.999517 0.998331 1.00048  
61 0.998924 0.998814 0.999028  
63 0.99891 0.997416 1.00026  
65 0.996908 0.995995 0.998005  
67 0.998805 0.9988 0.998815  
69 0.999107 0.998776 0.999607  
71 0.999887 0.999221 1.00054  
73 0.999564 0.999036 0.999931  
75 0.999522 0.999035 0.99996  
77 0.999086 0.998264 0.999739  
79 0.999669 0.999262 1.00004  
81 1.00012 0.999888 1.00041  
83 0.999415 0.999164 0.999576  
85 1.00002 0.999551 1.00041  
87 0.999646 0.998729 1.00014  
89 0.999281 0.998814 0.999853  
91 1.00001 0.999647 1.00061  
93 0.999478 0.998563 1.00028  
95 0.999468 0.998826 0.999989  
97 1.00003 0.999544 1.00041  
99 1.00013 0.999827 1.0004  
101 0.999844 0.999592 1.00006  
103 0.999073 0.998741 0.999512  
105 0.998998 0.997722 0.99977  
107 0.998215 0.998046 0.998394  
109 0.998405 0.997593 0.998894  
111 0.999369 0.998904 1.00011  
113 0.998859 0.997999 0.999956  
115 0.998672 0.998077 0.999397  
117 0.999164 0.998952 0.999373  
119 0.999051 0.997998 0.999696  
121 0.998173 0.996968 0.999925  
123 0.997628 0.99625 0.999273  
125 0.998443 0.997435 0.998963  
127 0.998433 0.997452 0.999042  
129 0.99759 0.996852 0.998411  
131 0.997149 0.99644 0.997714  
133 0.997212 0.995874 0.998134  
135 0.997111 0.995734 0.998042  
137 0.996361 0.995767 0.996904  
139 0.997841 0.997549 0.998409  
141 0.996621 0.995994 0.997584  
143 0.995964 0.993998 0.997484  
145 0.997512 0.996555 0.998884  
147 0.994528 0.99142 0.996534  
149 0.996668 0.995461 0.997322  
151 0.996069 0.994323 0.998063  
153 0.995299 0.9946 0.996571  
155 0.993736 0.992932 0.994469  
157 0.994678 0.993592 0.995756  
159 0.993875 0.993167 0.994355  
161 0.994588 0.994032 0.995312  
163 0.995135 0.99495 0.995252  
165 0.993962 0.993355 0.994658  
167 0.993077 0.991262 0.994241  
169 0.995116 0.993393 0.99601  
171 0.994918 0.994552 0.995292  
173 0.993747 0.993267 0.994103  
175 0.993064 0.992304 0.993476  
177 0.993054 0.991886 0.994328  
179 0.990745 0.99004 0.991775  
181 0.99158 0.98965 0.99312  
183 0.992494 0.990642 0.996189  
185 0.991853 0.990618 0.993383  
187 0.990734 0.988595 0.992298  
189 0.991385 0.990285 0.993507  
191 0.99033 0.989592 0.990771  
193 0.990073 0.989809 0.99033  
195 0.991723 0.991305 0.992269  
197 0.993723 0.993057 0.994286  
199 0.990492 0.988324 0.993404  
201 0.991728 0.99094 0.99293  
203 0.990442 0.988311 0.991861  
205 0.988768 0.987342 0.989803  
207 0.991558 0.990508 0.992232  
209 0.991113 0.990685 0.991854  
211 0.989288 0.987554 0.991946  
213 0.989118 0.985472 0.992035  
215 0.989496 0.987248 0.991464  
217 0.981136 0.966885 0.988908  
219 0.989606 0.988132 0.990565  
221 0.989399 0.988267 0.990864  
223 0.9885 0.986736 0.989391  
225 0.987798 0.986314 0.990575  
227 0.988797 0.987094 0.990012  
229 0.985861 0.984021 0.986908  
231 0.985534 0.980091 0.988553  
233 0.989235 0.988858 0.98995  
235 0.988725 0.988098 0.98974  
237 0.985914 0.978144 0.990213  
239 0.988329 0.987805 0.989315  
241 0.988283 0.987569 0.989666  
243 0.985115 0.981339 0.988808  
245 0.986898 0.9862 0.987398  
247 0.987618 0.987134 0.988155  
249 0.984257 0.982075 0.987233  
251 0.987758 0.986298 0.989389  
253 0.987701 0.986196 0.988472  
255 0.987715 0.986407 0.988397  
257 0.989538 0.987365 0.990967  
259 0.988391 0.987637 0.988782  
261 0.986729 0.986157 0.987139  
263 0.98537 0.984141 0.987045  
265 0.98648 0.98337 0.988402  
267 0.987211 0.986204 0.98876  
269 0.98674 0.985328 0.988018  
271 0.988442 0.987706 0.989442  
273 0.9877 0.986692 0.989247  
275 0.987058 0.985966 0.988959  
277 0.969569 0.940468 0.98614  
279 0.983496 0.977234 0.988325  
281 0.986825 0.986348 0.987482  
283 0.983543 0.983128 0.984253  
285 0.985729 0.985122 0.986307  
287 0.984368 0.98227 0.986343  
289 0.985095 0.984507 0.986267  
291 0.986954 0.986268 0.988247  
293 0.98332 0.980431 0.985384  
295 0.984224 0.983538 0.985241  
297 0.972902 0.960723 0.988552  
299 0.986113 0.983066 0.988928  
301 0.985303 0.9844 0.986571  
303 0.985055 0.983906 0.986427  
305 0.982989 0.982371 0.983682  
307 0.985872 0.985144 0.987085  
309 0.985719 0.984177 0.986811  
311 0.962692 0.925774 0.981661  
313 0.983289 0.980365 0.985111  
315 0.98471 0.983632 0.985949  
317 0.975049 0.952634 0.986576  
319 0.975939 0.961648 0.986298  
321 0.983751 0.982514 0.984994  
323 0.984653 0.982308 0.987784  
325 0.966193 0.935474 0.987198  
327 0.971076 0.951633 0.981236  
329 0.98175 0.979545 0.983993  
331 0.984979 0.981736 0.988887  
333 0.979795 0.970903 0.985685  
335 0.983245 0.978951 0.987454  
337 0.980036 0.9767 0.981746  
339 0.955086 0.898042 0.984468  
341 0.979083 0.976772 0.980412  
343 0.977074 0.971716 0.981206  
345 0.978725 0.974571 0.981187  
347 0.982403 0.977947 0.986949  
349 0.976021 0.972666 0.977984  
351 0.979349 0.977377 0.982373  
353 0.978962 0.977189 0.981981  
355 0.983434 0.981213 0.985352  
357 0.968968 0.94822 0.981377  
359 0.950162 0.898599 0.976448  
361 0.971629 0.955874 0.980242  
363 0.976567 0.975752 0.978166  
365 0.977079 0.974393 0.978614  
367 0.923006 0.904035 0.956559  
369 0.973309 0.970397 0.975332  
371 0.959458 0.932712 0.974834  
373 0.947571 0.921425 0.981648  
375 0.956351 0.933738 0.97113  
377 0.965145 0.964174 0.966218  
379 0.954893 0.915164 0.975505  
381 0.977063 0.973215 0.981458  
383 0.973111 0.967459 0.976171  
385 0.972435 0.957805 0.980046  
387 0.963604 0.956236 0.972646  
389 0.969581 0.968666 0.970172  
391 0.966043 0.956404 0.979969  
393 0.971885 0.970637 0.973243  
395 0.971568 0.969999 0.974597  
397 0.973303 0.970206 0.975117  
399 0.972398 0.968499 0.976529  
401 0.964549 0.961659 0.968483  
403 0.951967 0.912094 0.977141  
405 0.968294 0.96242 0.97278  
407 0.966742 0.962587 0.969605  
409 0.959273 0.943601 0.970319  
411 0.96713 0.965247 0.970016  
413 0.961582 0.944441 0.971468  
415 0.955039 0.925849 0.973845  
417 0.967092 0.965499 0.969524  
419 0.966446 0.96196 0.970202  
421 0.96483 0.952761 0.971625  
423 0.940101 0.913625 0.963235  
425 0.855641 0.793634 0.960527  
427 0.911908 0.877618 0.951775  
429 0.91322 0.867754 0.936531  
431 0.951585 0.940641 0.965384  
433 0.950764 0.928787 0.968334  
435 0.913448 0.883697 0.93383  
437 0.945021 0.931539 0.958697  
439 0.949762 0.93202 0.961988  
441 0.938474 0.90267 0.960284  
443 0.955757 0.953587 0.959717  
445 0.930829 0.914451 0.944656  
447 0.948246 0.940315 0.957677  

1 1 1 1  
3 1 1 1  
5 0.998667 0.996 1  
7 1 1 1  
9 1 1 1  
11 1 1 1  
13 1 1 1  
15 1 1 1  
17 1 1 1  
19 1 1 1  
21 1 1 1  
23 1 1 1  
25 1 1 1  
27 1 1 1  
29 1 1 1  
31 1 1 1  
33 1 1 1  
35 1 1 1  
37 1 1 1  
39 1 1 1  
41 1 1 1  
43 1 1 1  
45 1 1 1  
47 1 1 1  
49 1 1 1  
51 1 1 1  
53 1 1 1  
55 1 1 1  
57 1 1 1  
59 1 1 1  
61 1 1 1  
63 0.999947 0.999841 1  
65 0.999897 0.999692 1  
67 1 1 1  
69 1 1 1  
71 1 1 1  
73 1 1 1  
75 1 1 1  
77 1 1 1  
79 1 1 1  
81 1 1 1  
83 1 1 1  
85 1 1 1  
87 0.999962 0.999885 1  
89 1 1 1  
91 1 1 1  
93 1 1 1  
95 1 1 1  
97 1 1 1  
99 1 1 1  
101 0.999967 0.999901 1  
103 1 1 1  
105 0.999968 0.999905 1  
107 1 1 1  
109 1 1 1  
111 1 1 1  
113 0.999971 0.999912 1  
115 0.998841 0.996609 1  
117 0.999003 0.997094 1  
119 0.999972 0.999916 1  
121 0.997824 0.996612 0.998595  
123 0.99878 0.996423 1  
125 0.99752 0.996 1  
127 0.998819 0.996457 1  
129 0.995788 0.993643 0.996899  
131 0.996336 0.995344 0.998168  
133 0.99797 0.996917 0.999925  
135 0.996741 0.994222 0.999185  
137 0.99528 0.994745 0.996277  
139 0.995228 0.992302 0.99705  
141 0.996596 0.995674 0.997589  
143 0.995781 0.994965 0.996713  
145 0.99708 0.996621 0.99731  
147 0.994739 0.993129 0.997143  
149 0.996174 0.996174 0.996174  
151 0.995872 0.993046 1  
153 0.998693 0.997124 1  
155 0.994516 0.991935 0.997226  
157 0.994692 0.993248 0.996752  
159 0.993941 0.993019 0.995346  
161 0.992609 0.991739 0.994037  
163 0.992536 0.991227 0.99319  
165 0.994141 0.993636 0.994848  
167 0.994132 0.991497 0.997066  
169 0.990789 0.987751 0.993136  
171 0.991579 0.991404 0.991696  
173 0.990655 0.989884 0.991676  
175 0.992152 0.989829 0.994914  
177 0.992524 0.991017 0.993616  
179 0.990689 0.989944 0.991453  
181 0.990847 0.99 0.991823  
183 0.991566 0.991148 0.991913  
185 0.991207 0.990378 0.991946  
187 0.990303 0.989198 0.991711  
189 0.9906 0.989788 0.991799  
191 0.99082 0.989162 0.991675  
193 0.991019 0.989275 0.992124  
195 0.99106 0.99 0.991949  
197 0.991438 0.99132 0.991523  
199 0.987152 0.980955 0.990503  
201 0.987214 0.985672 0.98806  
203 0.989392 0.987734 0.990443  
205 0.98174 0.967854 0.99  
207 0.9881 0.987391 0.989034  
209 0.983716 0.980144 0.985694  
211 0.983586 0.981469 0.984929  
213 0.988435 0.985399 0.990939  
215 0.986496 0.98 0.99  
217 0.989631 0.987512 0.991382  
219 0.99 0.99 0.99  
221 0.981825 0.968009 0.989955  
223 0.987205 0.986413 0.987623  
225 0.985837 0.982489 0.989467  
227 0.982673 0.969471 0.989912  
229 0.987045 0.979083 0.992052  
231 0.988456 0.987662 0.99  
233 0.988612 0.985794 0.990043  
235 0.989191 0.98783 0.990426  
237 0.984346 0.972743 0.990295  
239 0.987699 0.987406 0.98795  
241 0.988686 0.987842 0.98917  
243 0.987037 0.986255 0.987778  
245 0.986912 0.985633 0.987796  
247 0.989258 0.987935 0.99  
249 0.987537 0.986466 0.988474  
251 0.987902 0.987371 0.988486  
253 0.986772 0.982411 0.990435  
255 0.986288 0.985804 0.986706  
257 0.975084 0.96179 0.99  
259 0.988057 0.987954 0.988263  
261 0.98 0.973525 0.986054  
263 0.984613 0.983574 0.986502  
265 0.982579 0.971057 0.990189  
267 0.986704 0.984831 0.989625  
269 0.988154 0.986654 0.989368  
271 0.983137 0.981993 0.984945  
273 0.985055 0.981868 0.98978  
275 0.988061 0.987855 0.988291  
277 0.986655 0.985126 0.989458  
279 0.986655 0.982115 0.989283  
281 0.984923 0.984128 0.985801  
283 0.983086 0.980777 0.986078  
285 0.97614 0.959684 0.984386  
287 0.98669 0.984216 0.990279  
289 0.982168 0.979931 0.985779  
291 0.979233 0.963265 0.99  
293 0.986234 0.984949 0.987747  
295 0.983831 0.982949 0.984441  
297 0.959877 0.909865 0.984983  
299 0.986901 0.985217 0.989097  
301 0.985426 0.979767 0.989169  
303 0.976931 0.964983 0.985149  
305 0.981454 0.977902 0.983377  
307 0.981227 0.977231 0.98544  
309 0.983441 0.977994 0.987087  
311 0.961951 0.928006 0.98299  
313 0.987348 0.986454 0.988307  
315 0.982783 0.980952 0.984476  
317 0.976183 0.963912 0.985205  
319 0.970637 0.959154 0.981944  
321 0.976604 0.968692 0.987539  
323 0.982105 0.975944 0.989009  
325 0.918318 0.862462 0.974154  
327 0.976677 0.961927 0.987431  
329 0.981935 0.979453 0.986292  
331 0.981964 0.978218 0.98429  
333 0.965876 0.951171 0.986967  
335 0.97402 0.968 0.979672  
337 0.975628 0.974659 0.977448  
339 0.981947 0.97826 0.984454  
341 0.972845 0.971349 0.975513  
343 0.963265 0.955102 0.973673  
345 0.976155 0.967942 0.982986  
347 0.962805 0.93781 0.982565  
349 0.962798 0.961347 0.965072  
351 0.982545 0.9751 0.989031  
353 0.973551 0.962096 0.984646  
355 0.914244 0.906225 0.923606  
357 0.94957 0.900588 0.98381  
359 0.95597 0.948858 0.961671  
361 0.96097 0.951939 0.972161  
363 0.96584 0.951074 0.975427  
365 0.970466 0.965205 0.979753  
367 0.972525 0.963978 0.982834  
369 0.961942 0.946369 0.976938  
371 0.966289 0.961536 0.970512  
373 0.951385 0.929866 0.967641  
375 0.965538 0.956827 0.97896  
377 0.970707 0.961698 0.979629  
379 0.974002 0.96905 0.979235  
381 0.966929 0.948793 0.981496  
383 0.970218 0.965927 0.972533  
385 0.949039 0.941766 0.953896  
387 0.962541 0.944134 0.971964  
389 0.958158 0.94545 0.965013  
391 0.961415 0.949795 0.972327  
393 0.9524 0.93486 0.964402  
395 0.967342 0.960532 0.973013  
397 0.980059 0.979345 0.98131  
399 0.952231 0.943283 0.960451  
401 0.951787 0.929776 0.966534  
403 0.971001 0.956005 0.981563  
405 0.957358 0.946864 0.965407  
407 0.954398 0.946413 0.962924  
409 0.955583 0.946308 0.96555  
411 0.933212 0.908029 0.959489  
413 0.943019 0.936828 0.947651  
415 0.949229 0.933253 0.96453  
417 0.955763 0.949305 0.965635  
419 0.963691 0.954749 0.969785  
421 0.919636 0.88209 0.945297  
423 0.954098 0.929976 0.978014  
425 0.878518 0.812659 0.956682  
427 0.912334 0.851967 0.948314  
429 0.938539 0.932075 0.944033  
431 0.955592 0.937865 0.973341  
433 0.946798 0.933303 0.967991  
435 0.942736 0.934138 0.953126  
437 0.949008 0.940664 0.954508  
439 0.92609 0.892528 0.975285  
441 0.943069 0.926236 0.951995  
443 0.945139 0.928194 0.958713  
445 0.946749 0.918831 0.963955  
447 0.935749 0.932058 0.941074  

1 1 1 1  
3 1 1 1  
5 1 1 1  
7 1 1 1  
9 1 1 1  
11 1 1 1  
13 1 1 1  
15 1 1 1  
17 1 1 1  
19 1 1 1  
21 1 1 1  
23 1 1 1  
25 1 1 1  
27 1 1 1  
29 1 1 1  
31 1 1 1  
33 1 1 1  
35 1 1 1  
37 1 1 1  
39 1 1 1  
41 1 1 1  
43 1 1 1  
45 1 1 1  
47 1 1 1  
49 1 1 1  
51 1 1 1  
53 1 1 1  
55 1 1 1  
57 1 1 1  
59 1 1 1  
61 1 1 1  
63 1 1 1  
65 1 1 1  
67 1 1 1  
69 1 1 1  
71 1 1 1  
73 1 1 1  
75 1 1 1  
77 1 1 1  
79 1 1 1  
81 1 1 1  
83 1 1 1  
85 1 1 1  
87 1 1 1  
89 1 1 1  
91 1 1 1  
93 1 1 1  
95 1 1 1  
97 1 1 1  
99 1 1 1  
101 1 1 1  
103 1 1 1  
105 1 1 1  
107 1 1 1  
109 1 1 1  
111 1 1 1  
113 1 1 1  
115 1 1 1  
117 1 1 1  
119 1 1 1  
121 1 1 1  
123 1 1 1  
125 1 1 1  
127 1 1 1  
129 1 1 1  
131 1 1 1  
133 1 1 1  
135 1 1 1  
137 1 1 1  
139 1 1 1  
141 1 1 1  
143 1 1 1  
145 1 1 1  
147 1 1 1  
149 1 1 1  
151 1 1 1  
153 1 1 1  
155 1 1 1  
157 1 1 1  
159 1 1 1  
161 1 1 1  
163 1 1 1  
165 1 1 1  
167 1 1 1  
169 1 1 1  
171 1 1 1  
173 1 1 1  
175 1 1 1  
177 1 1 1  
179 1 1 1  
181 0.999632 0.998895 1  
183 1 1 1  
185 1 1 1  
187 1 1 1  
189 1 1 1  
191 1 1 1  
193 1 1 1  
195 1 1 1  
197 1 1 1  
199 1 1 1  
201 1 1 1  
203 1 1 1  
205 1 1 1  
207 1 1 1  
209 1 1 1  
211 1 1 1  
213 1 1 1  
215 1 1 1  
217 1 1 1  
219 1 1 1  
221 1 1 1  
223 1 1 1  
225 0.999259 0.997778 1  
227 1 1 1  
229 1 1 1  
231 0.99899 0.99697 1  
233 1 1 1  
235 1 1 1  
237 1 1 1  
239 1 1 1  
241 1 1 1  
243 1 1 1  
245 1 1 1  
247 0.999865 0.999595 1  
249 1 1 1  
251 0.999867 0.999602 1  
253 1 1 1  
255 1 1 1  
257 1 1 1  
259 1 1 1  
261 0.998595 0.995785 1  
263 1 1 1  
265 1 1 1  
267 1 1 1  
269 1 1 1  
271 1 1 1  
273 1 1 1  
275 1 1 1  
277 1 1 1  
279 1 1 1  
281 1 1 1  
283 1 1 1  
285 1 1 1  
287 1 1 1  
289 1 1 1  
291 1 1 1  
293 0.999659 0.998976 1  
295 1 1 1  
297 1 1 1  
299 1 1 1  
301 0.998339 0.995017 1  
303 0.99736 0.992079 1  
305 1 1 1  
307 1 1 1  
309 0.996224 0.988673 1  
311 0.97299 0.963666 0.990997  
313 1 1 1  
315 1 1 1  
317 1 1 1  
319 0.97931 0.958621 1  
321 1 1 1  
323 1 1 1  
325 0.982667 0.954769 1  
327 0.982875 0.956269 1  
329 1 1 1  
331 0.995166 0.985498 1  
333 0.997097 0.991291 1  
335 1 1 1  
337 1 1 1  
339 1 1 1  
341 1 1 1  
343 1 1 1  
345 1 1 1  
347 1 1 1  
349 1 1 1  
351 1 1 1  
353 0.999056 0.997167 1  
355 0.996338 0.989014 1  
357 0.991223 0.97395 1  
359 1 1 1  
361 0.99723 0.99169 1  
363 0.990266 0.979339 1  
365 0.9979 0.993699 1  
367 0.96812 0.9297 1  
369 0.970641 0.911924 1  
371 0.966217 0.946361 0.998113  
373 0.992851 0.978552 1  
375 0.957511 0.9296 1  
377 0.99443 0.987268 1  
379 0.984521 0.953562 1  
381 0.985564 0.975853 1  
383 0.983203 0.953264 1  
385 0.991602 0.976364 1  
387 0.982687 0.952972 1  
389 0.982177 0.959897 1  
391 0.996505 0.992583 1  
393 1 1 1  
395 0.999916 0.999747 1  
397 0.990932 0.981612 1  
399 0.995155 0.988221 1  
401 0.992851 0.981796 1  
403 0.995451 0.986352 1  
405 0.990617 0.985432 1  
407 0.990254 0.972236 1  
409 0.983537 0.956724 1  
411 0.991565 0.985401 1  
413 0.989992 0.976998 0.999758  
415 0.992209 0.985783 1  
417 0.990568 0.982494 1  
419 0.994431 0.988067 0.999045  
421 0.98369 0.959382 1  
423 0.98227 0.960757 1  
425 0.871059 0.798588 0.930588  
427 0.995628 0.987588 1  
429 0.975136 0.925408 1  
431 0.9942 0.986775 0.999072  
433 0.98853 0.986143 0.99261  
435 0.982835 0.962529 0.99977  
437 0.964607 0.929519 0.988787  
439 0.996583 0.989977 1  
441 0.983296 0.963039 1  
443 0.986682 0.975621 1  
445 0.976779 0.952809 0.999326  
447 0.952051 0.934899 0.974497  
